5.000000	14.00	0.956686	167.701001	1.000000	-7.912049	1.000000	7.200299	1.000000	32.117276	1.000000
10.000000	14.00	0.956686	21.673480	1.000000	-2.027092	1.000000	2.519555	1.000000	32.109791	1.000000
15.000000	14.00	0.956686	6.077269	1.000000	-0.789189	1.000000	1.365378	1.000000	32.107476	1.000000
20.000000	14.00	0.956686	1.653498	1.000000	-0.300122	1.000000	0.706933	1.000000	32.106906	1.000000
25.000000	14.00	0.956686	0.880615	1.000000	-0.118272	1.000000	0.551993	1.000000	32.116965	1.000000
30.000000	14.00	0.956686	0.563680	1.000000	-0.161923	1.000000	0.363881	1.000000	32.108334	1.000000
35.000000	14.00	0.956686	0.121294	1.000000	-0.036534	1.000000	0.220526	1.000000	32.099170	1.000000
40.000000	14.00	0.956686	0.008773	1.000000	-0.007778	1.000000	0.058291	1.000000	32.165763	1.000000
45.000000	14.00	0.956686	0.008773	1.000000	-0.007778	1.000000	0.058291	1.000000	32.165763	1.000000
50.000000	14.00	0.956686	0.008773	1.000000	-0.007778	1.000000	0.058291	1.000000	32.165763	1.000000
55.000000	14.00	0.956686	0.001223	1.000000	-0.000921	1.000000	0.027540	1.000000	32.158273	1.000000
60.000000	14.00	0.956686	0.001223	1.000000	-0.000921	1.000000	0.027540	1.000000	32.158273	1.000000
