5.000000	8.75	0.531090	87.192243	1.000000	-3.025597	1.000000	5.930238	1.000000	8.899697	1.000000
10.000000	8.75	0.531090	15.783113	1.000000	-0.389082	1.000000	2.406212	1.000000	8.895508	1.000000
15.000000	8.75	0.531090	4.628319	1.000000	-0.125169	1.000000	1.281048	1.000000	8.905485	1.000000
20.000000	8.75	0.531090	1.446992	1.000000	0.012820	1.000000	0.693779	1.000000	8.896296	1.000000
25.000000	8.75	0.531090	0.873399	1.000000	-0.041752	1.000000	0.549184	1.000000	8.876276	1.000000
30.000000	8.75	0.531090	0.422800	1.000000	0.048236	1.000000	0.364446	1.000000	8.895932	1.000000
35.000000	8.75	0.531090	0.136631	1.000000	0.050373	1.000000	0.217113	1.000000	8.895120	1.000000
40.000000	8.75	0.531090	0.012265	1.000000	-0.000402	1.000000	0.080010	1.000000	8.866828	1.000000
45.000000	8.75	0.531090	0.012265	1.000000	-0.000402	1.000000	0.080010	1.000000	8.866828	1.000000
50.000000	8.75	0.531090	0.012265	1.000000	-0.000402	1.000000	0.080010	1.000000	8.866828	1.000000
55.000000	8.75	0.531090	0.001186	1.000000	-0.001466	1.000000	0.026626	1.000000	8.858867	1.000000
60.000000	8.75	0.531090	0.001186	1.000000	-0.001466	1.000000	0.026626	1.000000	8.858867	1.000000
