5.000000	13.50	0.945500	118.791968	1.000000	-6.156719	1.000000	5.889070	1.000000	30.827131	1.000000
10.000000	13.50	0.945500	13.512926	1.000000	-1.424847	1.000000	1.934008	1.000000	30.818601	1.000000
15.000000	13.50	0.945500	3.636814	1.000000	-0.540548	1.000000	1.030347	1.000000	30.817729	1.000000
20.000000	13.50	0.945500	0.922178	1.000000	-0.199424	1.000000	0.527876	1.000000	30.814061	1.000000
25.000000	13.50	0.945500	0.487093	1.000000	-0.081939	1.000000	0.406572	1.000000	30.820476	1.000000
30.000000	13.50	0.945500	0.323539	1.000000	-0.109832	1.000000	0.267674	1.000000	30.816305	1.000000
35.000000	13.50	0.945500	0.071954	1.000000	-0.019602	1.000000	0.169268	1.000000	30.808610	1.000000
40.000000	13.50	0.945500	0.005153	1.000000	-0.005349	1.000000	0.044043	1.000000	30.868203	1.000000
45.000000	13.50	0.945500	0.005153	1.000000	-0.005349	1.000000	0.044043	1.000000	30.868203	1.000000
50.000000	13.50	0.945500	0.005153	1.000000	-0.005349	1.000000	0.044043	1.000000	30.868203	1.000000
55.000000	13.50	0.945500	0.000653	1.000000	-0.000584	1.000000	0.019592	1.000000	30.858630	1.000000
60.000000	13.50	0.945500	0.000653	1.000000	-0.000584	1.000000	0.019592	1.000000	30.858630	1.000000
