5.000000	11.00	0.837958	90.020535	1.000000	-8.640179	1.000000	4.040567	1.000000	22.044623	1.000000
10.000000	11.00	0.837958	6.915063	1.000000	-1.200036	1.000000	1.182582	1.000000	22.035899	1.000000
15.000000	11.00	0.837958	1.355191	1.000000	-0.299559	1.000000	0.553033	1.000000	22.047089	1.000000
20.000000	11.00	0.837958	0.305154	1.000000	-0.084535	1.000000	0.295732	1.000000	22.032641	1.000000
25.000000	11.00	0.837958	0.237937	1.000000	-0.090381	1.000000	0.238037	1.000000	22.021682	1.000000
30.000000	11.00	0.837958	0.052804	1.000000	-0.023576	1.000000	0.134971	1.000000	22.032537	1.000000
35.000000	11.00	0.837958	0.024734	1.000000	-0.001605	1.000000	0.103039	1.000000	22.028571	1.000000
40.000000	11.00	0.837958	0.003859	1.000000	-0.003648	1.000000	0.040622	1.000000	22.044718	1.000000
45.000000	11.00	0.837958	0.003859	1.000000	-0.003648	1.000000	0.040622	1.000000	22.044718	1.000000
50.000000	11.00	0.837958	0.003859	1.000000	-0.003648	1.000000	0.040622	1.000000	22.044718	1.000000
55.000000	11.00	0.837958	0.000214	1.000000	-0.000346	1.000000	0.008074	1.000000	22.030392	1.000000
60.000000	11.00	0.837958	0.000214	1.000000	-0.000346	1.000000	0.008074	1.000000	22.030392	1.000000
