5.000000	10.50	0.796211	117.474621	1.000000	-11.885689	1.000000	4.797326	1.000000	19.575560	1.000000
10.000000	10.50	0.796211	11.191804	1.000000	-1.878337	1.000000	1.583530	1.000000	19.566206	1.000000
15.000000	10.50	0.796211	2.453205	1.000000	-0.533382	1.000000	0.770138	1.000000	19.578025	1.000000
20.000000	10.50	0.796211	0.616729	1.000000	-0.145378	1.000000	0.420484	1.000000	19.563848	1.000000
25.000000	10.50	0.796211	0.462573	1.000000	-0.148971	1.000000	0.341407	1.000000	19.549381	1.000000
30.000000	10.50	0.796211	0.112089	1.000000	-0.038441	1.000000	0.200387	1.000000	19.564055	1.000000
35.000000	10.50	0.796211	0.045602	1.000000	0.004202	1.000000	0.138792	1.000000	19.560448	1.000000
40.000000	10.50	0.796211	0.006774	1.000000	-0.005054	1.000000	0.056093	1.000000	19.566184	1.000000
45.000000	10.50	0.796211	0.006774	1.000000	-0.005054	1.000000	0.056093	1.000000	19.566184	1.000000
50.000000	10.50	0.796211	0.006774	1.000000	-0.005054	1.000000	0.056093	1.000000	19.566184	1.000000
55.000000	10.50	0.796211	0.000458	1.000000	-0.001078	1.000000	0.013813	1.000000	19.550132	1.000000
60.000000	10.50	0.796211	0.000458	1.000000	-0.001078	1.000000	0.013813	1.000000	19.550132	1.000000
