5.000000	7.25	0.075336	0.217321	1.000000	0.124256	1.000000	0.165332	1.000000	0.486752	1.000000
10.000000	7.25	0.075336	0.019344	1.000000	0.018299	1.000000	0.059493	1.000000	0.487985	1.000000
15.000000	7.25	0.075336	0.004313	1.000000	0.005154	1.000000	0.031240	1.000000	0.489071	1.000000
20.000000	7.25	0.075336	0.000990	1.000000	0.001476	1.000000	0.016026	1.000000	0.488407	1.000000
25.000000	7.25	0.075336	0.000498	1.000000	0.000757	1.000000	0.011636	1.000000	0.483487	1.000000
30.000000	7.25	0.075336	0.000529	1.000000	0.001029	1.000000	0.009001	1.000000	0.488376	1.000000
35.000000	7.25	0.075336	0.000078	1.000000	0.000289	1.000000	0.004875	1.000000	0.487287	1.000000
40.000000	7.25	0.075336	0.000006	1.000000	0.000024	1.000000	0.001651	1.000000	0.482475	1.000000
45.000000	7.25	0.075336	0.000006	1.000000	0.000024	1.000000	0.001651	1.000000	0.482475	1.000000
50.000000	7.25	0.075336	0.000006	1.000000	0.000024	1.000000	0.001651	1.000000	0.482475	1.000000
55.000000	7.25	0.075336	0.000001	1.000000	-0.000002	1.000000	0.000597	1.000000	0.478847	1.000000
60.000000	7.25	0.075336	0.000001	1.000000	-0.000002	1.000000	0.000597	1.000000	0.478847	1.000000
