5.000000	7.00	0.033998	0.011896	1.000000	0.013387	1.000000	0.029915	1.000000	0.163009	1.000000
10.000000	7.00	0.033998	0.000798	1.000000	0.001712	1.000000	0.010059	1.000000	0.163675	1.000000
15.000000	7.00	0.033998	0.000151	1.000000	0.000453	1.000000	0.005121	1.000000	0.163878	1.000000
20.000000	7.00	0.033998	0.000029	1.000000	0.000120	1.000000	0.002559	1.000000	0.163951	1.000000
25.000000	7.00	0.033998	0.000016	1.000000	0.000066	1.000000	0.001835	1.000000	0.161792	1.000000
30.000000	7.00	0.033998	0.000018	1.000000	0.000085	1.000000	0.001458	1.000000	0.163795	1.000000
35.000000	7.00	0.033998	0.000002	1.000000	0.000019	1.000000	0.000766	1.000000	0.163146	1.000000
40.000000	7.00	0.033998	0.000000	1.000000	0.000002	1.000000	0.000258	1.000000	0.161420	1.000000
45.000000	7.00	0.033998	0.000000	1.000000	0.000002	1.000000	0.000258	1.000000	0.161420	1.000000
50.000000	7.00	0.033998	0.000000	1.000000	0.000002	1.000000	0.000258	1.000000	0.161420	1.000000
55.000000	7.00	0.033998	0.000000	1.000000	-0.000000	1.000000	0.000090	1.000000	0.159561	1.000000
60.000000	7.00	0.033998	0.000000	1.000000	-0.000000	1.000000	0.000090	1.000000	0.159561	1.000000
