5.000000	12.00	0.893394	59.306561	1.000000	-4.109025	1.000000	3.634927	1.000000	26.026766	1.000000
10.000000	12.00	0.893394	3.395821	1.000000	-0.391090	1.000000	0.939476	1.000000	26.018362	1.000000
15.000000	12.00	0.893394	0.634859	1.000000	-0.060985	1.000000	0.441317	1.000000	26.026196	1.000000
20.000000	12.00	0.893394	0.130162	1.000000	-0.018421	1.000000	0.220917	1.000000	26.013636	1.000000
25.000000	12.00	0.893394	0.097360	1.000000	-0.019385	1.000000	0.169993	1.000000	26.009861	1.000000
30.000000	12.00	0.893394	0.030393	1.000000	-0.011167	1.000000	0.099820	1.000000	26.015091	1.000000
35.000000	12.00	0.893394	0.019558	1.000000	0.000062	1.000000	0.081357	1.000000	26.008803	1.000000
40.000000	12.00	0.893394	0.001695	1.000000	-0.001615	1.000000	0.026179	1.000000	26.044960	1.000000
45.000000	12.00	0.893394	0.001695	1.000000	-0.001615	1.000000	0.026179	1.000000	26.044960	1.000000
50.000000	12.00	0.893394	0.001695	1.000000	-0.001615	1.000000	0.026179	1.000000	26.044960	1.000000
55.000000	12.00	0.893394	0.000069	1.000000	0.000252	1.000000	0.005197	1.000000	26.029749	1.000000
60.000000	12.00	0.893394	0.000069	1.000000	0.000252	1.000000	0.005197	1.000000	26.029749	1.000000
