5.000000	7.50	0.137499	1.744515	1.000000	0.578753	1.000000	0.580950	1.000000	1.133748	1.000000
10.000000	7.50	0.137499	0.201152	1.000000	0.095510	1.000000	0.218857	1.000000	1.135466	1.000000
15.000000	7.50	0.137499	0.051222	1.000000	0.028632	1.000000	0.117425	1.000000	1.137997	1.000000
20.000000	7.50	0.137499	0.013083	1.000000	0.008726	1.000000	0.061005	1.000000	1.135959	1.000000
25.000000	7.50	0.137499	0.006481	1.000000	0.004205	1.000000	0.044985	1.000000	1.127229	1.000000
30.000000	7.50	0.137499	0.006163	1.000000	0.005983	1.000000	0.033681	1.000000	1.136284	1.000000
35.000000	7.50	0.137499	0.001139	1.000000	0.002036	1.000000	0.018758	1.000000	1.134856	1.000000
40.000000	7.50	0.137499	0.000085	1.000000	0.000156	1.000000	0.006416	1.000000	1.124539	1.000000
45.000000	7.50	0.137499	0.000085	1.000000	0.000156	1.000000	0.006416	1.000000	1.124539	1.000000
50.000000	7.50	0.137499	0.000085	1.000000	0.000156	1.000000	0.006416	1.000000	1.124539	1.000000
55.000000	7.50	0.137499	0.000010	1.000000	-0.000011	1.000000	0.002323	1.000000	1.119396	1.000000
60.000000	7.50	0.137499	0.000010	1.000000	-0.000011	1.000000	0.002323	1.000000	1.119396	1.000000
