5.000000	13.00	0.932145	84.549739	1.000000	-4.602155	1.000000	4.840237	1.000000	29.424220	1.000000
10.000000	13.00	0.932145	7.978043	1.000000	-0.865715	1.000000	1.467212	1.000000	29.416930	1.000000
15.000000	13.00	0.932145	2.010675	1.000000	-0.304994	1.000000	0.757241	1.000000	29.417982	1.000000
20.000000	13.00	0.932145	0.473779	1.000000	-0.109342	1.000000	0.383297	1.000000	29.411512	1.000000
25.000000	13.00	0.932145	0.255279	1.000000	-0.045257	1.000000	0.290801	1.000000	29.414428	1.000000
30.000000	13.00	0.932145	0.162363	1.000000	-0.064229	1.000000	0.189518	1.000000	29.413135	1.000000
35.000000	13.00	0.932145	0.042679	1.000000	-0.008297	1.000000	0.127720	1.000000	29.405867	1.000000
40.000000	13.00	0.932145	0.003036	1.000000	-0.003394	1.000000	0.033660	1.000000	29.459301	1.000000
45.000000	13.00	0.932145	0.003036	1.000000	-0.003394	1.000000	0.033660	1.000000	29.459301	1.000000
50.000000	13.00	0.932145	0.003036	1.000000	-0.003394	1.000000	0.033660	1.000000	29.459301	1.000000
55.000000	13.00	0.932145	0.000293	1.000000	-0.000215	1.000000	0.012908	1.000000	29.448026	1.000000
60.000000	13.00	0.932145	0.000293	1.000000	-0.000215	1.000000	0.012908	1.000000	29.448026	1.000000
