5.000000	9.50	0.676623	133.097910	1.000000	-11.826479	1.000000	6.339169	1.000000	13.907223	1.000000
10.000000	9.50	0.676623	18.936624	1.000000	-2.037668	1.000000	2.449849	1.000000	13.898857	1.000000
15.000000	9.50	0.676623	5.036312	1.000000	-0.642872	1.000000	1.270413	1.000000	13.911627	1.000000
20.000000	9.50	0.676623	1.511599	1.000000	-0.141174	1.000000	0.693822	1.000000	13.897859	1.000000
25.000000	9.50	0.676623	1.007461	1.000000	-0.161328	1.000000	0.560999	1.000000	13.879946	1.000000
30.000000	9.50	0.676623	0.353997	1.000000	-0.017720	1.000000	0.353007	1.000000	13.898222	1.000000
35.000000	9.50	0.676623	0.132846	1.000000	0.035818	1.000000	0.220184	1.000000	13.896120	1.000000
40.000000	9.50	0.676623	0.014086	1.000000	-0.004628	1.000000	0.084504	1.000000	13.880383	1.000000
45.000000	9.50	0.676623	0.014086	1.000000	-0.004628	1.000000	0.084504	1.000000	13.880383	1.000000
50.000000	9.50	0.676623	0.014086	1.000000	-0.004628	1.000000	0.084504	1.000000	13.880383	1.000000
55.000000	9.50	0.676623	0.001205	1.000000	-0.002137	1.000000	0.025997	1.000000	13.867835	1.000000
60.000000	9.50	0.676623	0.001205	1.000000	-0.002137	1.000000	0.025997	1.000000	13.867835	1.000000
