5.000000	10.00	0.744322	134.654703	1.000000	-13.445759	1.000000	5.658834	1.000000	16.889911	1.000000
10.000000	10.00	0.744322	15.711330	1.000000	-2.272858	1.000000	2.050732	1.000000	16.880920	1.000000
15.000000	10.00	0.744322	3.819111	1.000000	-0.695714	1.000000	1.037036	1.000000	16.893519	1.000000
20.000000	10.00	0.744322	1.066980	1.000000	-0.174710	1.000000	0.568284	1.000000	16.879030	1.000000
25.000000	10.00	0.744322	0.756077	1.000000	-0.179635	1.000000	0.462942	1.000000	16.862929	1.000000
30.000000	10.00	0.744322	0.218331	1.000000	-0.040761	1.000000	0.281534	1.000000	16.879879	1.000000
35.000000	10.00	0.744322	0.085456	1.000000	0.016905	1.000000	0.183201	1.000000	16.875876	1.000000
40.000000	10.00	0.744322	0.010557	1.000000	-0.005675	1.000000	0.071914	1.000000	16.871600	1.000000
45.000000	10.00	0.744322	0.010557	1.000000	-0.005675	1.000000	0.071914	1.000000	16.871600	1.000000
50.000000	10.00	0.744322	0.010557	1.000000	-0.005675	1.000000	0.071914	1.000000	16.871600	1.000000
55.000000	10.00	0.744322	0.000823	1.000000	-0.001849	1.000000	0.020353	1.000000	16.856282	1.000000
60.000000	10.00	0.744322	0.000823	1.000000	-0.001849	1.000000	0.020353	1.000000	16.856282	1.000000
