5.000000	6.25	0.001393	0.000000	1.000000	0.000001	1.000000	0.000034	1.000000	0.002324	1.000000
10.000000	6.25	0.001393	0.000000	1.000000	0.000000	1.000000	0.000008	1.000000	0.002347	1.000000
15.000000	6.25	0.001393	0.000000	1.000000	0.000000	1.000000	0.000003	1.000000	0.002325	1.000000
20.000000	6.25	0.001393	0.000000	1.000000	0.000000	1.000000	0.000002	1.000000	0.002361	1.000000
25.000000	6.25	0.001393	0.000000	1.000000	0.000000	1.000000	0.000001	1.000000	0.002303	1.000000
30.000000	6.25	0.001393	0.000000	1.000000	0.000000	1.000000	0.000001	1.000000	0.002346	1.000000
35.000000	6.25	0.001393	0.000000	1.000000	0.000000	1.000000	0.000000	1.000000	0.002328	1.000000
40.000000	6.25	0.001393	0.000000	1.000000	0.000000	1.000000	0.000000	1.000000	0.002276	1.000000
45.000000	6.25	0.001393	0.000000	1.000000	0.000000	1.000000	0.000000	1.000000	0.002276	1.000000
50.000000	6.25	0.001393	0.000000	1.000000	0.000000	1.000000	0.000000	1.000000	0.002276	1.000000
55.000000	6.25	0.001393	0.000000	1.000000	-0.000000	1.000000	0.000000	1.000000	0.002223	1.000000
60.000000	6.25	0.001393	0.000000	1.000000	-0.000000	1.000000	0.000000	1.000000	0.002223	1.000000
