5.000000	12.25	0.904530	59.372679	1.000000	-3.695872	1.000000	3.781074	1.000000	26.935215	1.000000
10.000000	12.25	0.904530	3.610082	1.000000	-0.376027	1.000000	0.994800	1.000000	26.927730	1.000000
15.000000	12.25	0.904530	0.744491	1.000000	-0.072749	1.000000	0.478788	1.000000	26.932926	1.000000
20.000000	12.25	0.904530	0.155835	1.000000	-0.024503	1.000000	0.239448	1.000000	26.922551	1.000000
25.000000	12.25	0.904530	0.104602	1.000000	-0.015968	1.000000	0.182326	1.000000	26.919744	1.000000
30.000000	12.25	0.904530	0.042987	1.000000	-0.016823	1.000000	0.110434	1.000000	26.923654	1.000000
35.000000	12.25	0.904530	0.022297	1.000000	-0.000081	1.000000	0.087087	1.000000	26.917456	1.000000
40.000000	12.25	0.904530	0.001734	1.000000	-0.001572	1.000000	0.026262	1.000000	26.957734	1.000000
45.000000	12.25	0.904530	0.001734	1.000000	-0.001572	1.000000	0.026262	1.000000	26.957734	1.000000
50.000000	12.25	0.904530	0.001734	1.000000	-0.001572	1.000000	0.026262	1.000000	26.957734	1.000000
55.000000	12.25	0.904530	0.000081	1.000000	0.000217	1.000000	0.006264	1.000000	26.943515	1.000000
60.000000	12.25	0.904530	0.000081	1.000000	0.000217	1.000000	0.006264	1.000000	26.943515	1.000000
