5.000000	7.75	0.217412	7.679387	1.000000	1.533997	1.000000	1.444501	1.000000	2.195353	1.000000
10.000000	7.75	0.217412	1.107513	1.000000	0.282105	1.000000	0.564165	1.000000	2.197407	1.000000
15.000000	7.75	0.217412	0.305881	1.000000	0.086897	1.000000	0.304869	1.000000	2.201762	1.000000
20.000000	7.75	0.217412	0.085361	1.000000	0.028948	1.000000	0.160852	1.000000	2.198034	1.000000
25.000000	7.75	0.217412	0.043360	1.000000	0.013213	1.000000	0.120533	1.000000	2.185049	1.000000
30.000000	7.75	0.217412	0.035936	1.000000	0.019977	1.000000	0.087812	1.000000	2.198697	1.000000
35.000000	7.75	0.217412	0.007772	1.000000	0.008038	1.000000	0.049656	1.000000	2.196754	1.000000
40.000000	7.75	0.217412	0.000602	1.000000	0.000557	1.000000	0.017282	1.000000	2.179627	1.000000
45.000000	7.75	0.217412	0.000602	1.000000	0.000557	1.000000	0.017282	1.000000	2.179627	1.000000
50.000000	7.75	0.217412	0.000602	1.000000	0.000557	1.000000	0.017282	1.000000	2.179627	1.000000
55.000000	7.75	0.217412	0.000069	1.000000	-0.000057	1.000000	0.006177	1.000000	2.173884	1.000000
60.000000	7.75	0.217412	0.000069	1.000000	-0.000057	1.000000	0.006177	1.000000	2.173884	1.000000
