5.000000	10.25	0.771630	128.087451	1.000000	-13.001670	1.000000	5.235481	1.000000	18.256706	1.000000
10.000000	10.25	0.771630	13.526792	1.000000	-2.136658	1.000000	1.817381	1.000000	18.247575	1.000000
15.000000	10.25	0.771630	3.126176	1.000000	-0.634601	1.000000	0.903424	1.000000	18.259778	1.000000
20.000000	10.25	0.771630	0.827798	1.000000	-0.165674	1.000000	0.493827	1.000000	18.246061	1.000000
25.000000	10.25	0.771630	0.608362	1.000000	-0.170405	1.000000	0.403317	1.000000	18.229735	1.000000
30.000000	10.25	0.771630	0.160732	1.000000	-0.041819	1.000000	0.241400	1.000000	18.245729	1.000000
35.000000	10.25	0.771630	0.063587	1.000000	0.010320	1.000000	0.161206	1.000000	18.242078	1.000000
40.000000	10.25	0.771630	0.008605	1.000000	-0.005382	1.000000	0.064074	1.000000	18.242864	1.000000
45.000000	10.25	0.771630	0.008605	1.000000	-0.005382	1.000000	0.064074	1.000000	18.242864	1.000000
50.000000	10.25	0.771630	0.008605	1.000000	-0.005382	1.000000	0.064074	1.000000	18.242864	1.000000
55.000000	10.25	0.771630	0.000618	1.000000	-0.001497	1.000000	0.016972	1.000000	18.226879	1.000000
60.000000	10.25	0.771630	0.000618	1.000000	-0.001497	1.000000	0.016972	1.000000	18.226879	1.000000
