5.000000	14.25	0.961573	198.147228	1.000000	-8.668010	1.000000	7.942805	1.000000	32.724002	1.000000
10.000000	14.25	0.961573	26.876329	1.000000	-2.313630	1.000000	2.847303	1.000000	32.716897	1.000000
15.000000	14.25	0.961573	7.686788	1.000000	-0.911751	1.000000	1.553450	1.000000	32.714188	1.000000
20.000000	14.25	0.961573	2.150006	1.000000	-0.350632	1.000000	0.806629	1.000000	32.715042	1.000000
25.000000	14.25	0.961573	1.159697	1.000000	-0.132923	1.000000	0.635519	1.000000	32.726021	1.000000
30.000000	14.25	0.961573	0.723399	1.000000	-0.189480	1.000000	0.417834	1.000000	32.715528	1.000000
35.000000	14.25	0.961573	0.155141	1.000000	-0.046882	1.000000	0.249492	1.000000	32.707019	1.000000
40.000000	14.25	0.961573	0.011391	1.000000	-0.008944	1.000000	0.066926	1.000000	32.775824	1.000000
45.000000	14.25	0.961573	0.011391	1.000000	-0.008944	1.000000	0.066926	1.000000	32.775824	1.000000
50.000000	14.25	0.961573	0.011391	1.000000	-0.008944	1.000000	0.066926	1.000000	32.775824	1.000000
55.000000	14.25	0.961573	0.001676	1.000000	-0.001116	1.000000	0.032477	1.000000	32.770370	1.000000
60.000000	14.25	0.961573	0.001676	1.000000	-0.001116	1.000000	0.032477	1.000000	32.770370	1.000000
