5.000000	10.75	0.818269	103.996045	1.000000	-10.345281	1.000000	4.384829	1.000000	20.839685	1.000000
10.000000	10.75	0.818269	8.901715	1.000000	-1.547605	1.000000	1.364136	1.000000	20.830504	1.000000
15.000000	10.75	0.818269	1.857061	1.000000	-0.420247	1.000000	0.651242	1.000000	20.842135	1.000000
20.000000	10.75	0.818269	0.442195	1.000000	-0.118630	1.000000	0.353413	1.000000	20.827746	1.000000
25.000000	10.75	0.818269	0.337154	1.000000	-0.121484	1.000000	0.285498	1.000000	20.814804	1.000000
30.000000	10.75	0.818269	0.077059	1.000000	-0.031713	1.000000	0.164361	1.000000	20.827666	1.000000
35.000000	10.75	0.818269	0.032432	1.000000	-0.000187	1.000000	0.118900	1.000000	20.824027	1.000000
40.000000	10.75	0.818269	0.005171	1.000000	-0.004418	1.000000	0.047946	1.000000	20.835544	1.000000
45.000000	10.75	0.818269	0.005171	1.000000	-0.004418	1.000000	0.047946	1.000000	20.835544	1.000000
50.000000	10.75	0.818269	0.005171	1.000000	-0.004418	1.000000	0.047946	1.000000	20.835544	1.000000
55.000000	10.75	0.818269	0.000310	1.000000	-0.000702	1.000000	0.010546	1.000000	20.819216	1.000000
60.000000	10.75	0.818269	0.000310	1.000000	-0.000702	1.000000	0.010546	1.000000	20.819216	1.000000
