5.000000	13.75	0.951290	141.261805	1.000000	-7.031455	1.000000	6.507330	1.000000	31.481496	1.000000
10.000000	13.75	0.951290	17.196968	1.000000	-1.717252	1.000000	2.210101	1.000000	31.473373	1.000000
15.000000	13.75	0.951290	4.727948	1.000000	-0.662845	1.000000	1.188285	1.000000	31.471864	1.000000
20.000000	13.75	0.951290	1.242956	1.000000	-0.246606	1.000000	0.612333	1.000000	31.469857	1.000000
25.000000	13.75	0.951290	0.655342	1.000000	-0.101093	1.000000	0.474253	1.000000	31.477855	1.000000
30.000000	13.75	0.951290	0.426064	1.000000	-0.133761	1.000000	0.312971	1.000000	31.471807	1.000000
35.000000	13.75	0.951290	0.094101	1.000000	-0.027670	1.000000	0.193666	1.000000	31.463304	1.000000
40.000000	13.75	0.951290	0.006789	1.000000	-0.006542	1.000000	0.050894	1.000000	31.526564	1.000000
45.000000	13.75	0.951290	0.006789	1.000000	-0.006542	1.000000	0.050894	1.000000	31.526564	1.000000
50.000000	13.75	0.951290	0.006789	1.000000	-0.006542	1.000000	0.050894	1.000000	31.526564	1.000000
55.000000	13.75	0.951290	0.000901	1.000000	-0.000753	1.000000	0.023348	1.000000	31.518376	1.000000
60.000000	13.75	0.951290	0.000901	1.000000	-0.000753	1.000000	0.023348	1.000000	31.518376	1.000000
