5.000000	9.25	0.634701	123.007090	1.000000	-9.507878	1.000000	6.466051	1.000000	12.295054	1.000000
10.000000	9.25	0.634701	19.268851	1.000000	-1.611011	1.000000	2.557260	1.000000	12.287190	1.000000
15.000000	9.25	0.634701	5.314704	1.000000	-0.509463	1.000000	1.338976	1.000000	12.299567	1.000000
20.000000	9.25	0.634701	1.635340	1.000000	-0.096112	1.000000	0.729725	1.000000	12.287224	1.000000
25.000000	9.25	0.634701	1.057017	1.000000	-0.130941	1.000000	0.586346	1.000000	12.268346	1.000000
30.000000	9.25	0.634701	0.411858	1.000000	0.003131	1.000000	0.375321	1.000000	12.287224	1.000000
35.000000	9.25	0.634701	0.149164	1.000000	0.043500	1.000000	0.230359	1.000000	12.285849	1.000000
40.000000	9.25	0.634701	0.014683	1.000000	-0.003484	1.000000	0.086788	1.000000	12.264474	1.000000
45.000000	9.25	0.634701	0.014683	1.000000	-0.003484	1.000000	0.086788	1.000000	12.264474	1.000000
50.000000	9.25	0.634701	0.014683	1.000000	-0.003484	1.000000	0.086788	1.000000	12.264474	1.000000
55.000000	9.25	0.634701	0.001347	1.000000	-0.002106	1.000000	0.027864	1.000000	12.253560	1.000000
60.000000	9.25	0.634701	0.001347	1.000000	-0.002106	1.000000	0.027864	1.000000	12.253560	1.000000
