5.000000	13.25	0.939271	100.201344	1.000000	-5.339321	1.000000	5.344444	1.000000	30.150364	1.000000
10.000000	13.25	0.939271	10.542337	1.000000	-1.139771	1.000000	1.692376	1.000000	30.142429	1.000000
15.000000	13.25	0.939271	2.742539	1.000000	-0.418542	1.000000	0.888828	1.000000	30.142973	1.000000
20.000000	13.25	0.939271	0.678008	1.000000	-0.155018	1.000000	0.453706	1.000000	30.138288	1.000000
25.000000	13.25	0.939271	0.358751	1.000000	-0.064516	1.000000	0.346823	1.000000	30.143024	1.000000
30.000000	13.25	0.939271	0.236172	1.000000	-0.086911	1.000000	0.227446	1.000000	30.140251	1.000000
35.000000	13.25	0.939271	0.055695	1.000000	-0.013744	1.000000	0.147863	1.000000	30.132055	1.000000
40.000000	13.25	0.939271	0.003957	1.000000	-0.004311	1.000000	0.038596	1.000000	30.189026	1.000000
45.000000	13.25	0.939271	0.003957	1.000000	-0.004311	1.000000	0.038596	1.000000	30.189026	1.000000
50.000000	13.25	0.939271	0.003957	1.000000	-0.004311	1.000000	0.038596	1.000000	30.189026	1.000000
55.000000	13.25	0.939271	0.000435	1.000000	-0.000425	1.000000	0.015920	1.000000	30.178518	1.000000
60.000000	13.25	0.939271	0.000435	1.000000	-0.000425	1.000000	0.015920	1.000000	30.178518	1.000000
