5.000000	9.00	0.586335	107.329658	1.000000	-6.416196	1.000000	6.353067	1.000000	10.615038	1.000000
10.000000	9.00	0.586335	18.293070	1.000000	-1.031872	1.000000	2.553783	1.000000	10.609330	1.000000
15.000000	9.00	0.586335	5.205807	1.000000	-0.326071	1.000000	1.347717	1.000000	10.620343	1.000000
20.000000	9.00	0.586335	1.623977	1.000000	-0.040552	1.000000	0.732229	1.000000	10.609463	1.000000
25.000000	9.00	0.586335	1.017025	1.000000	-0.086804	1.000000	0.584655	1.000000	10.590064	1.000000
30.000000	9.00	0.586335	0.440003	1.000000	0.026082	1.000000	0.380642	1.000000	10.609596	1.000000
35.000000	9.00	0.586335	0.150744	1.000000	0.048656	1.000000	0.229818	1.000000	10.608599	1.000000
40.000000	9.00	0.586335	0.014052	1.000000	-0.001965	1.000000	0.085431	1.000000	10.583224	1.000000
45.000000	9.00	0.586335	0.014052	1.000000	-0.001965	1.000000	0.085431	1.000000	10.583224	1.000000
50.000000	9.00	0.586335	0.014052	1.000000	-0.001965	1.000000	0.085431	1.000000	10.583224	1.000000
55.000000	9.00	0.586335	0.001344	1.000000	-0.001845	1.000000	0.028177	1.000000	10.573743	1.000000
60.000000	9.00	0.586335	0.001344	1.000000	-0.001845	1.000000	0.028177	1.000000	10.573743	1.000000
