5.000000	14.50	0.965853	230.471887	1.000000	-9.194209	1.000000	8.689551	1.000000	33.291111	1.000000
10.000000	14.50	0.965853	32.524939	1.000000	-2.560342	1.000000	3.177763	1.000000	33.284504	1.000000
15.000000	14.50	0.965853	9.431793	1.000000	-1.014703	1.000000	1.739213	1.000000	33.281870	1.000000
20.000000	14.50	0.965853	2.713124	1.000000	-0.396320	1.000000	0.907238	1.000000	33.282866	1.000000
25.000000	14.50	0.965853	1.485973	1.000000	-0.142509	1.000000	0.719812	1.000000	33.295630	1.000000
30.000000	14.50	0.965853	0.900274	1.000000	-0.215813	1.000000	0.471094	1.000000	33.282811	1.000000
35.000000	14.50	0.965853	0.194109	1.000000	-0.058122	1.000000	0.278399	1.000000	33.274842	1.000000
40.000000	14.50	0.965853	0.014123	1.000000	-0.009794	1.000000	0.075575	1.000000	33.346133	1.000000
45.000000	14.50	0.965853	0.014123	1.000000	-0.009794	1.000000	0.075575	1.000000	33.346133	1.000000
50.000000	14.50	0.965853	0.014123	1.000000	-0.009794	1.000000	0.075575	1.000000	33.346133	1.000000
55.000000	14.50	0.965853	0.002202	1.000000	-0.001263	1.000000	0.037217	1.000000	33.341969	1.000000
60.000000	14.50	0.965853	0.002202	1.000000	-0.001263	1.000000	0.037217	1.000000	33.341969	1.000000
