5.000000	11.75	0.881875	63.078154	1.000000	-4.836835	1.000000	3.602810	1.000000	25.117860	1.000000
10.000000	11.75	0.881875	3.668458	1.000000	-0.485795	1.000000	0.934824	1.000000	25.109391	1.000000
15.000000	11.75	0.881875	0.649959	1.000000	-0.078758	1.000000	0.429987	1.000000	25.118055	1.000000
20.000000	11.75	0.881875	0.132955	1.000000	-0.021832	1.000000	0.218981	1.000000	25.104313	1.000000
25.000000	11.75	0.881875	0.106045	1.000000	-0.028672	1.000000	0.170030	1.000000	25.099712	1.000000
30.000000	11.75	0.881875	0.026147	1.000000	-0.009566	1.000000	0.097295	1.000000	25.106451	1.000000
35.000000	11.75	0.881875	0.018317	1.000000	-0.000448	1.000000	0.080858	1.000000	25.100645	1.000000
40.000000	11.75	0.881875	0.001869	1.000000	-0.001701	1.000000	0.027731	1.000000	25.131303	1.000000
45.000000	11.75	0.881875	0.001869	1.000000	-0.001701	1.000000	0.027731	1.000000	25.131303	1.000000
50.000000	11.75	0.881875	0.001869	1.000000	-0.001701	1.000000	0.027731	1.000000	25.131303	1.000000
55.000000	11.75	0.881875	0.000075	1.000000	0.000199	1.000000	0.004843	1.000000	25.116188	1.000000
60.000000	11.75	0.881875	0.000075	1.000000	0.000199	1.000000	0.004843	1.000000	25.116188	1.000000
