5.000000	11.25	0.855281	78.133090	1.000000	-7.050542	1.000000	3.791618	1.000000	23.176027	1.000000
10.000000	11.25	0.855281	5.342727	1.000000	-0.882811	1.000000	1.047868	1.000000	23.167588	1.000000
15.000000	11.25	0.855281	0.987176	1.000000	-0.194163	1.000000	0.483243	1.000000	23.177960	1.000000
20.000000	11.25	0.855281	0.211061	1.000000	-0.054381	1.000000	0.254170	1.000000	23.163215	1.000000
25.000000	11.25	0.855281	0.170817	1.000000	-0.064034	1.000000	0.202690	1.000000	23.154826	1.000000
30.000000	11.25	0.855281	0.036355	1.000000	-0.015868	1.000000	0.113805	1.000000	23.164209	1.000000
35.000000	11.25	0.855281	0.020411	1.000000	-0.002031	1.000000	0.091070	1.000000	23.159732	1.000000
40.000000	11.25	0.855281	0.002914	1.000000	-0.002850	1.000000	0.034621	1.000000	23.181222	1.000000
45.000000	11.25	0.855281	0.002914	1.000000	-0.002850	1.000000	0.034621	1.000000	23.181222	1.000000
50.000000	11.25	0.855281	0.002914	1.000000	-0.002850	1.000000	0.034621	1.000000	23.181222	1.000000
55.000000	11.25	0.855281	0.000138	1.000000	-0.000057	1.000000	0.006052	1.000000	23.166569	1.000000
60.000000	11.25	0.855281	0.000138	1.000000	-0.000057	1.000000	0.006052	1.000000	23.166569	1.000000
