5.000000	6.50	0.004277	0.000005	1.000000	0.000031	1.000000	0.000345	1.000000	0.010121	1.000000
10.000000	6.50	0.004277	0.000000	1.000000	0.000003	1.000000	0.000092	1.000000	0.010200	1.000000
15.000000	6.50	0.004277	0.000000	1.000000	0.000001	1.000000	0.000043	1.000000	0.010179	1.000000
20.000000	6.50	0.004277	0.000000	1.000000	0.000000	1.000000	0.000020	1.000000	0.010251	1.000000
25.000000	6.50	0.004277	0.000000	1.000000	0.000000	1.000000	0.000014	1.000000	0.010061	1.000000
30.000000	6.50	0.004277	0.000000	1.000000	0.000000	1.000000	0.000012	1.000000	0.010230	1.000000
35.000000	6.50	0.004277	0.000000	1.000000	0.000000	1.000000	0.000005	1.000000	0.010145	1.000000
40.000000	6.50	0.004277	0.000000	1.000000	0.000000	1.000000	0.000002	1.000000	0.009990	1.000000
45.000000	6.50	0.004277	0.000000	1.000000	0.000000	1.000000	0.000002	1.000000	0.009990	1.000000
50.000000	6.50	0.004277	0.000000	1.000000	0.000000	1.000000	0.000002	1.000000	0.009990	1.000000
55.000000	6.50	0.004277	0.000000	1.000000	-0.000000	1.000000	0.000001	1.000000	0.009789	1.000000
60.000000	6.50	0.004277	0.000000	1.000000	-0.000000	1.000000	0.000001	1.000000	0.009789	1.000000
