5.000000	9.75	0.712983	136.617150	1.000000	-13.119932	1.000000	6.042509	1.000000	15.443593	1.000000
10.000000	9.75	0.712983	17.581332	1.000000	-2.253915	1.000000	2.267452	1.000000	15.434430	1.000000
15.000000	9.75	0.712983	4.467957	1.000000	-0.701102	1.000000	1.161629	1.000000	15.447072	1.000000
20.000000	9.75	0.712983	1.296248	1.000000	-0.166522	1.000000	0.634899	1.000000	15.432968	1.000000
25.000000	9.75	0.712983	0.891797	1.000000	-0.177359	1.000000	0.516576	1.000000	15.415616	1.000000
30.000000	9.75	0.712983	0.284753	1.000000	-0.033538	1.000000	0.319641	1.000000	15.433204	1.000000
35.000000	9.75	0.712983	0.109699	1.000000	0.026246	1.000000	0.203404	1.000000	15.430388	1.000000
40.000000	9.75	0.712983	0.012600	1.000000	-0.005455	1.000000	0.079218	1.000000	15.420214	1.000000
45.000000	9.75	0.712983	0.012600	1.000000	-0.005455	1.000000	0.079218	1.000000	15.420214	1.000000
50.000000	9.75	0.712983	0.012600	1.000000	-0.005455	1.000000	0.079218	1.000000	15.420214	1.000000
55.000000	9.75	0.712983	0.001018	1.000000	-0.002056	1.000000	0.023455	1.000000	15.406244	1.000000
60.000000	9.75	0.712983	0.001018	1.000000	-0.002056	1.000000	0.023455	1.000000	15.406244	1.000000
