5.000000	6.75	0.012216	0.000270	1.000000	0.000698	1.000000	0.003302	1.000000	0.041048	1.000000
10.000000	6.75	0.012216	0.000013	1.000000	0.000072	1.000000	0.000998	1.000000	0.041304	1.000000
15.000000	6.75	0.012216	0.000002	1.000000	0.000018	1.000000	0.000487	1.000000	0.041300	1.000000
20.000000	6.75	0.012216	0.000000	1.000000	0.000004	1.000000	0.000236	1.000000	0.041413	1.000000
25.000000	6.75	0.012216	0.000000	1.000000	0.000003	1.000000	0.000169	1.000000	0.040730	1.000000
30.000000	6.75	0.012216	0.000000	1.000000	0.000003	1.000000	0.000137	1.000000	0.041374	1.000000
35.000000	6.75	0.012216	0.000000	1.000000	0.000001	1.000000	0.000068	1.000000	0.041118	1.000000
40.000000	6.75	0.012216	0.000000	1.000000	0.000000	1.000000	0.000023	1.000000	0.040588	1.000000
45.000000	6.75	0.012216	0.000000	1.000000	0.000000	1.000000	0.000023	1.000000	0.040588	1.000000
50.000000	6.75	0.012216	0.000000	1.000000	0.000000	1.000000	0.000023	1.000000	0.040588	1.000000
55.000000	6.75	0.012216	0.000000	1.000000	-0.000000	1.000000	0.000007	1.000000	0.039936	1.000000
60.000000	6.75	0.012216	0.000000	1.000000	-0.000000	1.000000	0.000007	1.000000	0.039936	1.000000
