5.000000	12.50	0.914738	63.515600	1.000000	-3.672710	1.000000	4.037708	1.000000	27.809146	1.000000
10.000000	12.50	0.914738	4.450761	1.000000	-0.463007	1.000000	1.106068	1.000000	27.802067	1.000000
15.000000	12.50	0.914738	1.004091	1.000000	-0.120733	1.000000	0.545312	1.000000	27.805947	1.000000
20.000000	12.50	0.914738	0.218793	1.000000	-0.043411	1.000000	0.273278	1.000000	27.797105	1.000000
25.000000	12.50	0.914738	0.130244	1.000000	-0.019643	1.000000	0.205461	1.000000	27.795747	1.000000
30.000000	12.50	0.914738	0.066762	1.000000	-0.028005	1.000000	0.129320	1.000000	27.798324	1.000000
35.000000	12.50	0.914738	0.026575	1.000000	-0.001445	1.000000	0.096575	1.000000	27.792163	1.000000
40.000000	12.50	0.914738	0.001940	1.000000	-0.001940	1.000000	0.027379	1.000000	27.835942	1.000000
45.000000	12.50	0.914738	0.001940	1.000000	-0.001940	1.000000	0.027379	1.000000	27.835942	1.000000
50.000000	12.50	0.914738	0.001940	1.000000	-0.001940	1.000000	0.027379	1.000000	27.835942	1.000000
55.000000	12.50	0.914738	0.000112	1.000000	0.000122	1.000000	0.007872	1.000000	27.823531	1.000000
60.000000	12.50	0.914738	0.000112	1.000000	0.000122	1.000000	0.007872	1.000000	27.823531	1.000000
