5.000000	6.00	0.000318	0.000000	1.000000	0.000000	1.000000	0.000002	1.000000	0.000356	1.000000
10.000000	6.00	0.000318	0.000000	1.000000	0.000000	1.000000	0.000000	1.000000	0.000359	1.000000
15.000000	6.00	0.000318	0.000000	1.000000	0.000000	1.000000	0.000000	1.000000	0.000357	1.000000
20.000000	6.00	0.000318	0.000000	1.000000	0.000000	1.000000	0.000000	1.000000	0.000366	1.000000
25.000000	6.00	0.000318	0.000000	1.000000	0.000000	1.000000	0.000000	1.000000	0.000358	1.000000
30.000000	6.00	0.000318	0.000000	1.000000	0.000000	1.000000	0.000000	1.000000	0.000361	1.000000
35.000000	6.00	0.000318	0.000000	1.000000	0.000000	1.000000	0.000000	1.000000	0.000363	1.000000
40.000000	6.00	0.000318	0.000000	1.000000	0.000000	1.000000	0.000000	1.000000	0.000348	1.000000
45.000000	6.00	0.000318	0.000000	1.000000	0.000000	1.000000	0.000000	1.000000	0.000348	1.000000
50.000000	6.00	0.000318	0.000000	1.000000	0.000000	1.000000	0.000000	1.000000	0.000348	1.000000
55.000000	6.00	0.000318	0.000000	1.000000	-0.000000	1.000000	0.000000	1.000000	0.000338	1.000000
60.000000	6.00	0.000318	0.000000	1.000000	-0.000000	1.000000	0.000000	1.000000	0.000338	1.000000
