5.000000	11.50	0.869820	69.106207	1.000000	-5.770982	1.000000	3.651650	1.000000	24.200025	1.000000
10.000000	11.50	0.869820	4.236270	1.000000	-0.639618	1.000000	0.967523	1.000000	24.191141	1.000000
15.000000	11.50	0.869820	0.758077	1.000000	-0.119390	1.000000	0.444306	1.000000	24.200589	1.000000
20.000000	11.50	0.869820	0.156732	1.000000	-0.033050	1.000000	0.229066	1.000000	24.186469	1.000000
25.000000	11.50	0.869820	0.128665	1.000000	-0.042692	1.000000	0.179993	1.000000	24.180170	1.000000
30.000000	11.50	0.869820	0.028281	1.000000	-0.011512	1.000000	0.101147	1.000000	24.187896	1.000000
35.000000	11.50	0.869820	0.018723	1.000000	-0.001596	1.000000	0.083926	1.000000	24.182912	1.000000
40.000000	11.50	0.869820	0.002277	1.000000	-0.002183	1.000000	0.030527	1.000000	24.209232	1.000000
45.000000	11.50	0.869820	0.002277	1.000000	-0.002183	1.000000	0.030527	1.000000	24.209232	1.000000
50.000000	11.50	0.869820	0.002277	1.000000	-0.002183	1.000000	0.030527	1.000000	24.209232	1.000000
55.000000	11.50	0.869820	0.000098	1.000000	0.000105	1.000000	0.005054	1.000000	24.194631	1.000000
60.000000	11.50	0.869820	0.000098	1.000000	0.000105	1.000000	0.005054	1.000000	24.194631	1.000000
