5.000000	14.75	0.969239	259.402589	1.000000	-9.482224	1.000000	9.322810	1.000000	33.793554	1.000000
10.000000	14.75	0.969239	37.716300	1.000000	-2.721964	1.000000	3.459194	1.000000	33.787278	1.000000
15.000000	14.75	0.969239	11.050431	1.000000	-1.078967	1.000000	1.897816	1.000000	33.784023	1.000000
20.000000	14.75	0.969239	3.230398	1.000000	-0.427193	1.000000	0.991880	1.000000	33.785634	1.000000
25.000000	14.75	0.969239	1.805580	1.000000	-0.148514	1.000000	0.792016	1.000000	33.799981	1.000000
30.000000	14.75	0.969239	1.060672	1.000000	-0.236255	1.000000	0.517747	1.000000	33.785629	1.000000
35.000000	14.75	0.969239	0.232233	1.000000	-0.067738	1.000000	0.303330	1.000000	33.777825	1.000000
40.000000	14.75	0.969239	0.016905	1.000000	-0.010703	1.000000	0.083254	1.000000	33.851521	1.000000
45.000000	14.75	0.969239	0.016905	1.000000	-0.010703	1.000000	0.083254	1.000000	33.851521	1.000000
50.000000	14.75	0.969239	0.016905	1.000000	-0.010703	1.000000	0.083254	1.000000	33.851521	1.000000
55.000000	14.75	0.969239	0.002723	1.000000	-0.001439	1.000000	0.041541	1.000000	33.847786	1.000000
60.000000	14.75	0.969239	0.002723	1.000000	-0.001439	1.000000	0.041541	1.000000	33.847786	1.000000
