5.000000	12.75	0.923943	72.063372	1.000000	-4.006856	1.000000	4.397124	1.000000	28.640401	1.000000
10.000000	12.75	0.923943	5.928219	1.000000	-0.631293	1.000000	1.267696	1.000000	28.633384	1.000000
15.000000	12.75	0.923943	1.427129	1.000000	-0.201610	1.000000	0.640871	1.000000	28.635630	1.000000
20.000000	12.75	0.923943	0.320464	1.000000	-0.071664	1.000000	0.321306	1.000000	28.628558	1.000000
25.000000	12.75	0.923943	0.178372	1.000000	-0.030122	1.000000	0.242145	1.000000	28.629387	1.000000
30.000000	12.75	0.923943	0.105354	1.000000	-0.043919	1.000000	0.155709	1.000000	28.629208	1.000000
35.000000	12.75	0.923943	0.032779	1.000000	-0.004136	1.000000	0.109613	1.000000	28.622403	1.000000
40.000000	12.75	0.923943	0.002391	1.000000	-0.002655	1.000000	0.029901	1.000000	28.671610	1.000000
45.000000	12.75	0.923943	0.002391	1.000000	-0.002655	1.000000	0.029901	1.000000	28.671610	1.000000
50.000000	12.75	0.923943	0.002391	1.000000	-0.002655	1.000000	0.029901	1.000000	28.671610	1.000000
55.000000	12.75	0.923943	0.000178	1.000000	-0.000044	1.000000	0.010044	1.000000	28.659106	1.000000
60.000000	12.75	0.923943	0.000178	1.000000	-0.000044	1.000000	0.010044	1.000000	28.659106	1.000000
