5.000000	8.50	0.443726	50192.498104	1.000000	316.724224	1.000000	134.732591	1.000000	20.629716	1.000000
10.000000	8.50	0.443726	10262.914170	1.000000	-68.450804	1.000000	58.590639	1.000000	20.634631	1.000000
15.000000	8.50	0.443726	3468.486024	1.000000	-44.167232	1.000000	32.207508	1.000000	20.586900	1.000000
20.000000	8.50	0.443726	1095.360605	1.000000	-25.119750	1.000000	17.194357	1.000000	20.631898	1.000000
25.000000	8.50	0.443726	632.685504	1.000000	-3.046584	1.000000	13.623452	1.000000	20.729645	1.000000
30.000000	8.50	0.443726	323.019930	1.000000	-14.896330	1.000000	8.937478	1.000000	20.611274	1.000000
35.000000	8.50	0.443726	77.647521	1.000000	-6.598870	1.000000	4.946726	1.000000	20.621783	1.000000
40.000000	8.50	0.443726	5.918882	1.000000	-0.463557	1.000000	1.633131	1.000000	20.821589	1.000000
45.000000	8.50	0.443726	5.918882	1.000000	-0.463557	1.000000	1.633131	1.000000	20.821589	1.000000
50.000000	8.50	0.443726	5.918882	1.000000	-0.463557	1.000000	1.633131	1.000000	20.821589	1.000000
55.000000	8.50	0.443726	0.693023	1.000000	0.023753	1.000000	0.663851	1.000000	20.862228	1.000000
60.000000	8.50	0.443726	0.693023	1.000000	0.023753	1.000000	0.663851	1.000000	20.862228	1.000000
