5.000000	6.50	0.004968	13777.967208	1.000000	339.879650	1.000000	10.182859	1.000000	0.409003	1.000000
10.000000	6.50	0.004968	2324.687622	1.000000	102.467667	1.000000	5.424511	1.000000	0.400670	1.000000
15.000000	6.50	0.004968	370.777510	1.000000	29.756202	1.000000	3.019412	1.000000	0.406890	1.000000
20.000000	6.50	0.004968	223.692666	1.000000	18.835370	1.000000	2.067509	1.000000	0.396510	1.000000
25.000000	6.50	0.004968	169.223755	1.000000	16.148065	1.000000	2.072338	1.000000	0.428111	1.000000
30.000000	6.50	0.004968	21.345996	1.000000	4.233619	1.000000	1.099758	1.000000	0.417990	1.000000
35.000000	6.50	0.004968	3.956751	1.000000	1.234163	1.000000	0.609479	1.000000	0.414131	1.000000
40.000000	6.50	0.004968	0.355877	1.000000	0.234142	1.000000	0.308398	1.000000	0.434103	1.000000
45.000000	6.50	0.004968	0.355877	1.000000	0.234142	1.000000	0.308398	1.000000	0.434103	1.000000
50.000000	6.50	0.004968	0.355877	1.000000	0.234142	1.000000	0.308398	1.000000	0.434103	1.000000
55.000000	6.50	0.004968	0.033156	1.000000	0.040545	1.000000	0.100631	1.000000	0.423179	1.000000
60.000000	6.50	0.004968	0.033156	1.000000	0.040545	1.000000	0.100631	1.000000	0.423179	1.000000
