5.000000	14.75	0.985526	3714.753588	1.000000	105.656721	1.000000	31.655127	1.000000	36.748032	1.000000
10.000000	14.75	0.985526	539.231957	1.000000	14.743204	1.000000	12.727595	1.000000	36.741669	1.000000
15.000000	14.75	0.985526	162.385282	1.000000	4.236267	1.000000	6.963078	1.000000	36.724233	1.000000
20.000000	14.75	0.985526	48.413534	1.000000	0.458988	1.000000	3.704722	1.000000	36.751188	1.000000
25.000000	14.75	0.985526	35.658444	1.000000	1.740476	1.000000	3.128605	1.000000	36.790663	1.000000
30.000000	14.75	0.985526	12.189059	1.000000	-0.576414	1.000000	1.946233	1.000000	36.744046	1.000000
35.000000	14.75	0.985526	2.955611	1.000000	-0.381940	1.000000	1.060422	1.000000	36.742250	1.000000
40.000000	14.75	0.985526	0.242711	1.000000	-0.002021	1.000000	0.331446	1.000000	36.834523	1.000000
45.000000	14.75	0.985526	0.242711	1.000000	-0.002021	1.000000	0.331446	1.000000	36.834523	1.000000
50.000000	14.75	0.985526	0.242711	1.000000	-0.002021	1.000000	0.331446	1.000000	36.834523	1.000000
55.000000	14.75	0.985526	0.035229	1.000000	0.005588	1.000000	0.156518	1.000000	36.864929	1.000000
60.000000	14.75	0.985526	0.035229	1.000000	0.005588	1.000000	0.156518	1.000000	36.864929	1.000000
