5.000000	12.75	0.957875	5521.907867	1.000000	146.684774	1.000000	38.298515	1.000000	34.658152	1.000000
10.000000	12.75	0.957875	789.568100	1.000000	20.228598	1.000000	15.384835	1.000000	34.652494	1.000000
15.000000	12.75	0.957875	237.219671	1.000000	5.763400	1.000000	8.413448	1.000000	34.630706	1.000000
20.000000	12.75	0.957875	70.690722	1.000000	0.658222	1.000000	4.472774	1.000000	34.660373	1.000000
25.000000	12.75	0.957875	51.745425	1.000000	2.339044	1.000000	3.772327	1.000000	34.706873	1.000000
30.000000	12.75	0.957875	17.806976	1.000000	-0.774434	1.000000	2.350230	1.000000	34.654513	1.000000
35.000000	12.75	0.957875	4.348571	1.000000	-0.511799	1.000000	1.281287	1.000000	34.652752	1.000000
40.000000	12.75	0.957875	0.354604	1.000000	-0.004178	1.000000	0.400543	1.000000	34.752526	1.000000
45.000000	12.75	0.957875	0.354604	1.000000	-0.004178	1.000000	0.400543	1.000000	34.752526	1.000000
50.000000	12.75	0.957875	0.354604	1.000000	-0.004178	1.000000	0.400543	1.000000	34.752526	1.000000
55.000000	12.75	0.957875	0.051109	1.000000	0.008571	1.000000	0.188289	1.000000	34.786942	1.000000
60.000000	12.75	0.957875	0.051109	1.000000	0.008571	1.000000	0.188289	1.000000	34.786942	1.000000
