5.000000	10.50	0.837320	11581.143488	1.000000	202.040499	1.000000	55.762837	1.000000	31.015960	1.000000
10.000000	10.50	0.837320	1629.744587	1.000000	27.214863	1.000000	22.192902	1.000000	31.009032	1.000000
15.000000	10.50	0.837320	484.415242	1.000000	7.490547	1.000000	12.118093	1.000000	30.981061	1.000000
20.000000	10.50	0.837320	144.276120	1.000000	0.563348	1.000000	6.408717	1.000000	31.017365	1.000000
25.000000	10.50	0.837320	102.364766	1.000000	3.407910	1.000000	5.351125	1.000000	31.077761	1.000000
30.000000	10.50	0.837320	38.495000	1.000000	-1.699321	1.000000	3.374981	1.000000	31.010682	1.000000
35.000000	10.50	0.837320	9.168682	1.000000	-0.969847	1.000000	1.847666	1.000000	31.010180	1.000000
40.000000	10.50	0.837320	0.746347	1.000000	-0.011422	1.000000	0.584889	1.000000	31.128735	1.000000
45.000000	10.50	0.837320	0.746347	1.000000	-0.011422	1.000000	0.584889	1.000000	31.128735	1.000000
50.000000	10.50	0.837320	0.746347	1.000000	-0.011422	1.000000	0.584889	1.000000	31.128735	1.000000
55.000000	10.50	0.837320	0.103835	1.000000	0.019020	1.000000	0.266143	1.000000	31.173451	1.000000
60.000000	10.50	0.837320	0.103835	1.000000	0.019020	1.000000	0.266143	1.000000	31.173451	1.000000
