5.000000	11.75	0.926871	7083.667541	1.000000	175.647469	1.000000	43.277727	1.000000	33.391539	1.000000
10.000000	11.75	0.926871	1004.317648	1.000000	24.064091	1.000000	17.363739	1.000000	33.385664	1.000000
15.000000	11.75	0.926871	300.770146	1.000000	6.795173	1.000000	9.493001	1.000000	33.361681	1.000000
20.000000	11.75	0.926871	89.969551	1.000000	0.797314	1.000000	5.046524	1.000000	33.393815	1.000000
25.000000	11.75	0.926871	65.379734	1.000000	2.753206	1.000000	4.249033	1.000000	33.444063	1.000000
30.000000	11.75	0.926871	22.858819	1.000000	-0.960069	1.000000	2.653744	1.000000	33.387278	1.000000
35.000000	11.75	0.926871	5.545218	1.000000	-0.616824	1.000000	1.446730	1.000000	33.385518	1.000000
40.000000	11.75	0.926871	0.454464	1.000000	-0.004907	1.000000	0.453844	1.000000	33.490785	1.000000
45.000000	11.75	0.926871	0.454464	1.000000	-0.004907	1.000000	0.453844	1.000000	33.490785	1.000000
50.000000	11.75	0.926871	0.454464	1.000000	-0.004907	1.000000	0.453844	1.000000	33.490785	1.000000
55.000000	11.75	0.926871	0.064126	1.000000	0.010800	1.000000	0.210169	1.000000	33.528345	1.000000
60.000000	11.75	0.926871	0.064126	1.000000	0.010800	1.000000	0.210169	1.000000	33.528345	1.000000
