5.000000	11.50	0.914903	7629.556203	1.000000	183.145069	1.000000	44.933733	1.000000	33.017179	1.000000
10.000000	11.50	0.914903	1081.268149	1.000000	25.033232	1.000000	18.018812	1.000000	33.011589	1.000000
15.000000	11.50	0.914903	323.654328	1.000000	7.078827	1.000000	9.853148	1.000000	32.986902	1.000000
20.000000	11.50	0.914903	96.726036	1.000000	0.812901	1.000000	5.235084	1.000000	33.019821	1.000000
25.000000	11.50	0.914903	70.141304	1.000000	2.882771	1.000000	4.404530	1.000000	33.071688	1.000000
30.000000	11.50	0.914903	24.689857	1.000000	-1.035496	1.000000	2.754282	1.000000	33.012860	1.000000
35.000000	11.50	0.914903	5.983496	1.000000	-0.657308	1.000000	1.501921	1.000000	33.011586	1.000000
40.000000	11.50	0.914903	0.490274	1.000000	-0.004894	1.000000	0.471999	1.000000	33.118133	1.000000
45.000000	11.50	0.914903	0.490274	1.000000	-0.004894	1.000000	0.471999	1.000000	33.118133	1.000000
50.000000	11.50	0.914903	0.490274	1.000000	-0.004894	1.000000	0.471999	1.000000	33.118133	1.000000
55.000000	11.50	0.914903	0.068646	1.000000	0.011894	1.000000	0.217376	1.000000	33.157067	1.000000
60.000000	11.50	0.914903	0.068646	1.000000	0.011894	1.000000	0.217376	1.000000	33.157067	1.000000
