5.000000	13.75	0.975379	4476.613656	1.000000	123.733887	1.000000	34.626899	1.000000	35.749689	1.000000
10.000000	13.75	0.975379	646.851088	1.000000	17.295016	1.000000	13.921131	1.000000	35.743179	1.000000
15.000000	13.75	0.975379	194.354108	1.000000	4.921533	1.000000	7.613742	1.000000	35.722534	1.000000
20.000000	13.75	0.975379	58.009756	1.000000	0.552901	1.000000	4.051323	1.000000	35.752091	1.000000
25.000000	13.75	0.975379	42.505265	1.000000	2.011207	1.000000	3.417442	1.000000	35.794282	1.000000
30.000000	13.75	0.975379	14.549621	1.000000	-0.660271	1.000000	2.127695	1.000000	35.745129	1.000000
35.000000	13.75	0.975379	3.535332	1.000000	-0.436390	1.000000	1.158333	1.000000	35.743124	1.000000
40.000000	13.75	0.975379	0.291453	1.000000	-0.002318	1.000000	0.362699	1.000000	35.838676	1.000000
45.000000	13.75	0.975379	0.291453	1.000000	-0.002318	1.000000	0.362699	1.000000	35.838676	1.000000
50.000000	13.75	0.975379	0.291453	1.000000	-0.002318	1.000000	0.362699	1.000000	35.838676	1.000000
55.000000	13.75	0.975379	0.042078	1.000000	0.006948	1.000000	0.171000	1.000000	35.870617	1.000000
60.000000	13.75	0.975379	0.042078	1.000000	0.006948	1.000000	0.171000	1.000000	35.870617	1.000000
