5.000000	13.00	0.963219	5229.849079	1.000000	140.531602	1.000000	37.294642	1.000000	34.942469	1.000000
10.000000	13.00	0.963219	749.398717	1.000000	19.430952	1.000000	14.982365	1.000000	34.936153	1.000000
15.000000	13.00	0.963219	225.243860	1.000000	5.534113	1.000000	8.193880	1.000000	34.914165	1.000000
20.000000	13.00	0.963219	66.988218	1.000000	0.612253	1.000000	4.356190	1.000000	34.944347	1.000000
25.000000	13.00	0.963219	49.093567	1.000000	2.236618	1.000000	3.674583	1.000000	34.989734	1.000000
30.000000	13.00	0.963219	16.880175	1.000000	-0.744626	1.000000	2.288704	1.000000	34.938362	1.000000
35.000000	13.00	0.963219	4.112831	1.000000	-0.489840	1.000000	1.247382	1.000000	34.936480	1.000000
40.000000	13.00	0.963219	0.335127	1.000000	-0.004354	1.000000	0.389472	1.000000	35.035027	1.000000
45.000000	13.00	0.963219	0.335127	1.000000	-0.004354	1.000000	0.389472	1.000000	35.035027	1.000000
50.000000	13.00	0.963219	0.335127	1.000000	-0.004354	1.000000	0.389472	1.000000	35.035027	1.000000
55.000000	13.00	0.963219	0.048466	1.000000	0.007899	1.000000	0.183383	1.000000	35.068634	1.000000
60.000000	13.00	0.963219	0.048466	1.000000	0.007899	1.000000	0.183383	1.000000	35.068634	1.000000
