5.000000	13.25	0.967844	4957.282547	1.000000	134.600500	1.000000	36.355474	1.000000	35.218562	1.000000
10.000000	13.25	0.967844	712.731804	1.000000	18.684016	1.000000	14.608568	1.000000	35.212056	1.000000
15.000000	13.25	0.967844	214.293657	1.000000	5.324458	1.000000	7.989269	1.000000	35.190531	1.000000
20.000000	13.25	0.967844	63.721029	1.000000	0.584822	1.000000	4.247626	1.000000	35.220789	1.000000
25.000000	13.25	0.967844	46.798079	1.000000	2.162834	1.000000	3.584131	1.000000	35.264856	1.000000
30.000000	13.25	0.967844	16.047328	1.000000	-0.714984	1.000000	2.232256	1.000000	35.214291	1.000000
35.000000	13.25	0.967844	3.904565	1.000000	-0.470438	1.000000	1.216093	1.000000	35.212181	1.000000
40.000000	13.25	0.967844	0.319586	1.000000	-0.003493	1.000000	0.380179	1.000000	35.309714	1.000000
45.000000	13.25	0.967844	0.319586	1.000000	-0.003493	1.000000	0.380179	1.000000	35.309714	1.000000
50.000000	13.25	0.967844	0.319586	1.000000	-0.003493	1.000000	0.380179	1.000000	35.309714	1.000000
55.000000	13.25	0.967844	0.045984	1.000000	0.007561	1.000000	0.178704	1.000000	35.342782	1.000000
60.000000	13.25	0.967844	0.045984	1.000000	0.007561	1.000000	0.178704	1.000000	35.342782	1.000000
