5.000000	6.25	0.001048	5781.760432	1.000000	114.909164	1.000000	2.784040	1.000000	0.096793	1.000000
10.000000	6.25	0.001048	614.718569	1.000000	24.243720	1.000000	1.235517	1.000000	0.096255	1.000000
15.000000	6.25	0.001048	57.133693	1.000000	5.144023	1.000000	0.560512	1.000000	0.091301	1.000000
20.000000	6.25	0.001048	59.717738	1.000000	5.986453	1.000000	0.637813	1.000000	0.096012	1.000000
25.000000	6.25	0.001048	38.380879	1.000000	4.160352	1.000000	0.512721	1.000000	0.103333	1.000000
30.000000	6.25	0.001048	3.598040	1.000000	0.940792	1.000000	0.266557	1.000000	0.101750	1.000000
35.000000	6.25	0.001048	1.160033	1.000000	0.411920	1.000000	0.167683	1.000000	0.101276	1.000000
40.000000	6.25	0.001048	0.006077	1.000000	0.011960	1.000000	0.034965	1.000000	0.100187	1.000000
45.000000	6.25	0.001048	0.006077	1.000000	0.011960	1.000000	0.034965	1.000000	0.100187	1.000000
50.000000	6.25	0.001048	0.006077	1.000000	0.011960	1.000000	0.034965	1.000000	0.100187	1.000000
55.000000	6.25	0.001048	0.003005	1.000000	0.007113	1.000000	0.023920	1.000000	0.099416	1.000000
60.000000	6.25	0.001048	0.003005	1.000000	0.007113	1.000000	0.023920	1.000000	0.099416	1.000000
