5.000000	6.75	0.016989	35478.956890	1.000000	919.180857	1.000000	29.915916	1.000000	1.281399	1.000000
10.000000	6.75	0.016989	6160.084465	1.000000	274.468188	1.000000	16.115967	1.000000	1.277356	1.000000
15.000000	6.75	0.016989	1575.410113	1.000000	108.461486	1.000000	10.232426	1.000000	1.283995	1.000000
20.000000	6.75	0.016989	653.637400	1.000000	51.077734	1.000000	6.271842	1.000000	1.276506	1.000000
25.000000	6.75	0.016989	498.523840	1.000000	44.068715	1.000000	6.072902	1.000000	1.309825	1.000000
30.000000	6.75	0.016989	75.151186	1.000000	12.156251	1.000000	3.461092	1.000000	1.292764	1.000000
35.000000	6.75	0.016989	13.777520	1.000000	3.338741	1.000000	1.948556	1.000000	1.256253	1.000000
40.000000	6.75	0.016989	2.824891	1.000000	0.861745	1.000000	1.064119	1.000000	1.303274	1.000000
45.000000	6.75	0.016989	2.824891	1.000000	0.861745	1.000000	1.064119	1.000000	1.303274	1.000000
50.000000	6.75	0.016989	2.824891	1.000000	0.861745	1.000000	1.064119	1.000000	1.303274	1.000000
55.000000	6.75	0.016989	0.196040	1.000000	0.147628	1.000000	0.242489	1.000000	1.378909	1.000000
60.000000	6.75	0.016989	0.196040	1.000000	0.147628	1.000000	0.242489	1.000000	1.378909	1.000000
