5.000000	11.25	0.900540	8292.749395	1.000000	190.497363	1.000000	46.887476	1.000000	32.606666	1.000000
10.000000	11.25	0.900540	1172.894577	1.000000	25.877943	1.000000	18.781204	1.000000	32.600688	1.000000
15.000000	11.25	0.900540	350.708832	1.000000	7.322466	1.000000	10.266178	1.000000	32.575443	1.000000
20.000000	11.25	0.900540	104.831185	1.000000	0.807510	1.000000	5.451469	1.000000	32.609464	1.000000
25.000000	11.25	0.900540	75.827866	1.000000	3.004969	1.000000	4.581699	1.000000	32.663146	1.000000
30.000000	11.25	0.900540	26.946986	1.000000	-1.137397	1.000000	2.869497	1.000000	32.602540	1.000000
35.000000	11.25	0.900540	6.502303	1.000000	-0.707818	1.000000	1.564298	1.000000	32.600951	1.000000
40.000000	11.25	0.900540	0.535186	1.000000	-0.005450	1.000000	0.493275	1.000000	32.709815	1.000000
45.000000	11.25	0.900540	0.535186	1.000000	-0.005450	1.000000	0.493275	1.000000	32.709815	1.000000
50.000000	11.25	0.900540	0.535186	1.000000	-0.005450	1.000000	0.493275	1.000000	32.709815	1.000000
55.000000	11.25	0.900540	0.074397	1.000000	0.013457	1.000000	0.226138	1.000000	32.749763	1.000000
60.000000	11.25	0.900540	0.074397	1.000000	0.013457	1.000000	0.226138	1.000000	32.749763	1.000000
