5.000000	7.25	0.087534	84608.884931	1.000000	2377.548567	1.000000	107.222042	1.000000	5.615184	1.000000
10.000000	7.25	0.087534	16801.164028	1.000000	711.093215	1.000000	61.366800	1.000000	5.619413	1.000000
15.000000	7.25	0.087534	5659.366845	1.000000	284.581660	1.000000	39.815303	1.000000	5.594966	1.000000
20.000000	7.25	0.087534	1867.063561	1.000000	96.198124	1.000000	24.816320	1.000000	5.667021	1.000000
25.000000	7.25	0.087534	1374.713841	1.000000	81.614884	1.000000	21.356013	1.000000	5.707129	1.000000
30.000000	7.25	0.087534	427.151247	1.000000	22.386884	1.000000	14.105423	1.000000	5.660922	1.000000
35.000000	7.25	0.087534	136.504590	1.000000	1.143033	1.000000	7.811523	1.000000	5.631498	1.000000
40.000000	7.25	0.087534	26.201081	1.000000	2.120390	1.000000	3.514415	1.000000	5.682222	1.000000
45.000000	7.25	0.087534	26.201081	1.000000	2.120390	1.000000	3.514415	1.000000	5.682222	1.000000
50.000000	7.25	0.087534	26.201081	1.000000	2.120390	1.000000	3.514415	1.000000	5.682222	1.000000
55.000000	7.25	0.087534	2.905283	1.000000	0.501795	1.000000	1.200646	1.000000	5.961112	1.000000
60.000000	7.25	0.087534	2.905283	1.000000	0.501795	1.000000	1.200646	1.000000	5.961112	1.000000
