5.000000	14.25	0.981128	4062.527710	1.000000	113.954349	1.000000	33.064611	1.000000	36.257749	1.000000
10.000000	14.25	0.981128	589.096010	1.000000	15.964091	1.000000	13.293722	1.000000	36.251245	1.000000
15.000000	14.25	0.981128	177.324057	1.000000	4.554733	1.000000	7.273337	1.000000	36.232511	1.000000
20.000000	14.25	0.981128	52.872391	1.000000	0.503791	1.000000	3.870090	1.000000	36.260693	1.000000
25.000000	14.25	0.981128	38.772072	1.000000	1.862514	1.000000	3.265617	1.000000	36.301237	1.000000
30.000000	14.25	0.981128	13.309691	1.000000	-0.620733	1.000000	2.033281	1.000000	36.253359	1.000000
35.000000	14.25	0.981128	3.229682	1.000000	-0.407489	1.000000	1.107603	1.000000	36.251725	1.000000
40.000000	14.25	0.981128	0.265494	1.000000	-0.001902	1.000000	0.346444	1.000000	36.344937	1.000000
45.000000	14.25	0.981128	0.265494	1.000000	-0.001902	1.000000	0.346444	1.000000	36.344937	1.000000
50.000000	14.25	0.981128	0.265494	1.000000	-0.001902	1.000000	0.346444	1.000000	36.344937	1.000000
55.000000	14.25	0.981128	0.038376	1.000000	0.006141	1.000000	0.163388	1.000000	36.376664	1.000000
60.000000	14.25	0.981128	0.038376	1.000000	0.006141	1.000000	0.163388	1.000000	36.376664	1.000000
