5.000000	12.50	0.952007	5843.308510	1.000000	153.317247	1.000000	39.373851	1.000000	34.364964	1.000000
10.000000	12.50	0.952007	834.311445	1.000000	21.137573	1.000000	15.814780	1.000000	34.359387	1.000000
15.000000	12.50	0.952007	250.448418	1.000000	6.013012	1.000000	8.647192	1.000000	34.337375	1.000000
20.000000	12.50	0.952007	74.788312	1.000000	0.707266	1.000000	4.597886	1.000000	34.367151	1.000000
25.000000	12.50	0.952007	54.668418	1.000000	2.439396	1.000000	3.878009	1.000000	34.414524	1.000000
30.000000	12.50	0.952007	18.808757	1.000000	-0.807977	1.000000	2.414433	1.000000	34.361330	1.000000
35.000000	12.50	0.952007	4.592989	1.000000	-0.532728	1.000000	1.316511	1.000000	34.359837	1.000000
40.000000	12.50	0.952007	0.376141	1.000000	-0.004322	1.000000	0.412421	1.000000	34.460785	1.000000
45.000000	12.50	0.952007	0.376141	1.000000	-0.004322	1.000000	0.412421	1.000000	34.460785	1.000000
50.000000	12.50	0.952007	0.376141	1.000000	-0.004322	1.000000	0.412421	1.000000	34.460785	1.000000
55.000000	12.50	0.952007	0.053852	1.000000	0.009195	1.000000	0.193131	1.000000	34.495788	1.000000
60.000000	12.50	0.952007	0.053852	1.000000	0.009195	1.000000	0.193131	1.000000	34.495788	1.000000
