5.000000	7.50	0.147649	85904.753434	1.000000	2339.307866	1.000000	141.384315	1.000000	8.849129	1.000000
10.000000	7.50	0.147649	16827.838519	1.000000	567.788301	1.000000	77.658980	1.000000	8.865565	1.000000
15.000000	7.50	0.147649	5985.055228	1.000000	190.161833	1.000000	49.271021	1.000000	8.810401	1.000000
20.000000	7.50	0.147649	2138.486455	1.000000	43.406080	1.000000	29.661235	1.000000	8.896339	1.000000
25.000000	7.50	0.147649	1591.433228	1.000000	40.923088	1.000000	24.930080	1.000000	8.985974	1.000000
30.000000	7.50	0.147649	572.636057	1.000000	2.547105	1.000000	15.913122	1.000000	8.909138	1.000000
35.000000	7.50	0.147649	199.845463	1.000000	-7.600971	1.000000	8.516359	1.000000	8.904918	1.000000
40.000000	7.50	0.147649	25.009165	1.000000	0.816351	1.000000	3.437613	1.000000	9.003881	1.000000
45.000000	7.50	0.147649	25.009165	1.000000	0.816351	1.000000	3.437613	1.000000	9.003881	1.000000
50.000000	7.50	0.147649	25.009165	1.000000	0.816351	1.000000	3.437613	1.000000	9.003881	1.000000
55.000000	7.50	0.147649	2.665753	1.000000	0.688945	1.000000	1.207209	1.000000	9.203097	1.000000
60.000000	7.50	0.147649	2.665753	1.000000	0.688945	1.000000	1.207209	1.000000	9.203097	1.000000
