5.000000	12.25	0.945474	6199.557306	1.000000	160.398298	1.000000	40.532090	1.000000	34.059633	1.000000
10.000000	12.25	0.945474	883.182936	1.000000	22.093081	1.000000	16.276088	1.000000	34.054310	1.000000
15.000000	12.25	0.945474	264.942208	1.000000	6.253611	1.000000	8.899713	1.000000	34.031517	1.000000
20.000000	12.25	0.945474	79.295921	1.000000	0.740404	1.000000	4.735597	1.000000	34.062364	1.000000
25.000000	12.25	0.945474	57.830761	1.000000	2.540476	1.000000	3.989661	1.000000	34.110022	1.000000
30.000000	12.25	0.945474	19.965422	1.000000	-0.854148	1.000000	2.486096	1.000000	34.056026	1.000000
35.000000	12.25	0.945474	4.874894	1.000000	-0.560325	1.000000	1.356247	1.000000	34.054514	1.000000
40.000000	12.25	0.945474	0.398606	1.000000	-0.004664	1.000000	0.424811	1.000000	34.156590	1.000000
45.000000	12.25	0.945474	0.398606	1.000000	-0.004664	1.000000	0.424811	1.000000	34.156590	1.000000
50.000000	12.25	0.945474	0.398606	1.000000	-0.004664	1.000000	0.424811	1.000000	34.156590	1.000000
55.000000	12.25	0.945474	0.056983	1.000000	0.009732	1.000000	0.198518	1.000000	34.192504	1.000000
60.000000	12.25	0.945474	0.056983	1.000000	0.009732	1.000000	0.198518	1.000000	34.192504	1.000000
