5.000000	8.25	0.372140	57683.545084	1.000000	609.084375	1.000000	148.266782	1.000000	18.268350	1.000000
10.000000	8.25	0.372140	12254.607475	1.000000	-39.184963	1.000000	67.377417	1.000000	18.278734	1.000000
15.000000	8.25	0.372140	4317.340539	1.000000	-43.208650	1.000000	37.508572	1.000000	18.234091	1.000000
20.000000	8.25	0.372140	1464.523687	1.000000	-32.062460	1.000000	20.340101	1.000000	18.273340	1.000000
25.000000	8.25	0.372140	845.664209	1.000000	-4.338970	1.000000	16.063147	1.000000	18.366493	1.000000
30.000000	8.25	0.372140	411.923897	1.000000	-16.859826	1.000000	10.509195	1.000000	18.247425	1.000000
35.000000	8.25	0.372140	116.359337	1.000000	-9.386050	1.000000	5.906021	1.000000	18.262835	1.000000
40.000000	8.25	0.372140	8.600556	1.000000	-0.605812	1.000000	1.949441	1.000000	18.490369	1.000000
45.000000	8.25	0.372140	8.600556	1.000000	-0.605812	1.000000	1.949441	1.000000	18.490369	1.000000
50.000000	8.25	0.372140	8.600556	1.000000	-0.605812	1.000000	1.949441	1.000000	18.490369	1.000000
55.000000	8.25	0.372140	0.911515	1.000000	0.109042	1.000000	0.757715	1.000000	18.512789	1.000000
60.000000	8.25	0.372140	0.911515	1.000000	0.109042	1.000000	0.757715	1.000000	18.512789	1.000000
