5.000000	9.75	0.739213	19241.274257	1.000000	171.043620	1.000000	73.012201	1.000000	28.552182	1.000000
10.000000	9.75	0.739213	2732.097273	1.000000	19.347300	1.000000	28.802028	1.000000	28.543846	1.000000
15.000000	9.75	0.739213	798.046749	1.000000	4.938445	1.000000	15.662106	1.000000	28.510942	1.000000
20.000000	9.75	0.739213	232.549980	1.000000	-0.525466	1.000000	8.221737	1.000000	28.550977	1.000000
25.000000	9.75	0.739213	158.995579	1.000000	3.721993	1.000000	6.762060	1.000000	28.625967	1.000000
30.000000	9.75	0.739213	68.421286	1.000000	-3.388231	1.000000	4.353460	1.000000	28.544408	1.000000
35.000000	9.75	0.739213	15.534936	1.000000	-1.622596	1.000000	2.384754	1.000000	28.544895	1.000000
40.000000	9.75	0.739213	1.210688	1.000000	-0.024611	1.000000	0.754211	1.000000	28.683510	1.000000
45.000000	9.75	0.739213	1.210688	1.000000	-0.024611	1.000000	0.754211	1.000000	28.683510	1.000000
50.000000	9.75	0.739213	1.210688	1.000000	-0.024611	1.000000	0.754211	1.000000	28.683510	1.000000
55.000000	9.75	0.739213	0.173881	1.000000	0.028817	1.000000	0.341812	1.000000	28.727367	1.000000
60.000000	9.75	0.739213	0.173881	1.000000	0.028817	1.000000	0.341812	1.000000	28.727367	1.000000
