5.000000	10.25	0.813600	13413.472313	1.000000	197.722890	1.000000	60.172540	1.000000	30.342627	1.000000
10.000000	10.25	0.813600	1878.000718	1.000000	26.295576	1.000000	23.850634	1.000000	30.335523	1.000000
15.000000	10.25	0.813600	555.853230	1.000000	7.184436	1.000000	13.006603	1.000000	30.306636	1.000000
20.000000	10.25	0.813600	164.838989	1.000000	0.370395	1.000000	6.868007	1.000000	30.343834	1.000000
25.000000	10.25	0.813600	115.849679	1.000000	3.551757	1.000000	5.710744	1.000000	30.407894	1.000000
30.000000	10.25	0.813600	45.161351	1.000000	-2.051920	1.000000	3.620968	1.000000	30.337480	1.000000
35.000000	10.25	0.813600	10.560784	1.000000	-1.110447	1.000000	1.981634	1.000000	30.337248	1.000000
40.000000	10.25	0.813600	0.860838	1.000000	-0.014131	1.000000	0.629151	1.000000	30.461180	1.000000
45.000000	10.25	0.813600	0.860838	1.000000	-0.014131	1.000000	0.629151	1.000000	30.461180	1.000000
50.000000	10.25	0.813600	0.860838	1.000000	-0.014131	1.000000	0.629151	1.000000	30.461180	1.000000
55.000000	10.25	0.813600	0.119645	1.000000	0.021963	1.000000	0.285370	1.000000	30.506499	1.000000
60.000000	10.25	0.813600	0.119645	1.000000	0.021963	1.000000	0.285370	1.000000	30.506499	1.000000
