5.000000	7.75	0.221649	75914.115071	1.000000	1748.278472	1.000000	157.561975	1.000000	12.357860	1.000000
10.000000	7.75	0.221649	15358.659178	1.000000	284.076854	1.000000	81.132405	1.000000	12.382204	1.000000
15.000000	7.75	0.221649	5697.583734	1.000000	59.744050	1.000000	48.957871	1.000000	12.326875	1.000000
20.000000	7.75	0.221649	2094.587904	1.000000	-13.093766	1.000000	28.096803	1.000000	12.397704	1.000000
25.000000	7.75	0.221649	1527.071978	1.000000	-1.198421	1.000000	23.447351	1.000000	12.458151	1.000000
30.000000	7.75	0.221649	563.579056	1.000000	-13.281406	1.000000	14.267020	1.000000	12.399265	1.000000
35.000000	7.75	0.221649	193.760150	1.000000	-12.730310	1.000000	8.003870	1.000000	12.382876	1.000000
40.000000	7.75	0.221649	17.661096	1.000000	-0.061227	1.000000	2.809351	1.000000	12.603480	1.000000
45.000000	7.75	0.221649	17.661096	1.000000	-0.061227	1.000000	2.809351	1.000000	12.603480	1.000000
50.000000	7.75	0.221649	17.661096	1.000000	-0.061227	1.000000	2.809351	1.000000	12.603480	1.000000
55.000000	7.75	0.221649	1.837685	1.000000	0.509510	1.000000	1.067062	1.000000	12.642835	1.000000
60.000000	7.75	0.221649	1.837685	1.000000	0.509510	1.000000	1.067062	1.000000	12.642835	1.000000
