5.000000	6.00	0.000267	1653.623728	1.000000	35.116449	1.000000	0.870022	1.000000	0.028582	1.000000
10.000000	6.00	0.000267	247.505218	1.000000	9.595393	1.000000	0.428296	1.000000	0.028041	1.000000
15.000000	6.00	0.000267	4.862816	1.000000	0.678946	1.000000	0.109888	1.000000	0.024186	1.000000
20.000000	6.00	0.000267	4.144900	1.000000	0.772256	1.000000	0.148911	1.000000	0.031194	1.000000
25.000000	6.00	0.000267	2.811609	1.000000	0.569432	1.000000	0.119840	1.000000	0.030973	1.000000
30.000000	6.00	0.000267	0.166395	1.000000	0.087828	1.000000	0.048621	1.000000	0.028367	1.000000
35.000000	6.00	0.000267	0.089372	1.000000	0.061146	1.000000	0.045299	1.000000	0.036104	1.000000
40.000000	6.00	0.000267	0.000530	1.000000	0.001673	1.000000	0.006437	1.000000	0.028454	1.000000
45.000000	6.00	0.000267	0.000530	1.000000	0.001673	1.000000	0.006437	1.000000	0.028454	1.000000
50.000000	6.00	0.000267	0.000530	1.000000	0.001673	1.000000	0.006437	1.000000	0.028454	1.000000
55.000000	6.00	0.000267	0.000142	1.000000	0.000755	1.000000	0.004808	1.000000	0.027145	1.000000
60.000000	6.00	0.000267	0.000142	1.000000	0.000755	1.000000	0.004808	1.000000	0.027145	1.000000
