5.000000	9.00	0.575484	35447.830398	1.000000	129.739114	1.000000	105.335767	1.000000	24.495229	1.000000
10.000000	9.00	0.575484	6096.709126	1.000000	-29.363549	1.000000	42.908163	1.000000	24.490856	1.000000
15.000000	9.00	0.575484	1817.554415	1.000000	-13.942386	1.000000	23.249673	1.000000	24.444131	1.000000
20.000000	9.00	0.575484	501.252600	1.000000	-6.370984	1.000000	12.110042	1.000000	24.497677	1.000000
25.000000	9.00	0.575484	329.372388	1.000000	1.951324	1.000000	9.884492	1.000000	24.578953	1.000000
30.000000	9.00	0.575484	165.880092	1.000000	-8.403787	1.000000	6.469403	1.000000	24.480838	1.000000
35.000000	9.00	0.575484	34.494448	1.000000	-3.212994	1.000000	3.507522	1.000000	24.490645	1.000000
40.000000	9.00	0.575484	2.496644	1.000000	-0.110585	1.000000	1.112558	1.000000	24.654469	1.000000
45.000000	9.00	0.575484	2.496644	1.000000	-0.110585	1.000000	1.112558	1.000000	24.654469	1.000000
50.000000	9.00	0.575484	2.496644	1.000000	-0.110585	1.000000	1.112558	1.000000	24.654469	1.000000
55.000000	9.00	0.575484	0.377750	1.000000	0.021848	1.000000	0.496770	1.000000	24.705432	1.000000
60.000000	9.00	0.575484	0.377750	1.000000	0.021848	1.000000	0.496770	1.000000	24.705432	1.000000
