5.000000	9.50	0.690354	23588.061408	1.000000	149.576393	1.000000	81.869662	1.000000	27.401640	1.000000
10.000000	9.50	0.690354	3467.722420	1.000000	10.405692	1.000000	32.402337	1.000000	27.393424	1.000000
15.000000	9.50	0.690354	1007.246313	1.000000	1.886644	1.000000	17.578183	1.000000	27.357732	1.000000
20.000000	9.50	0.690354	288.118312	1.000000	-1.360384	1.000000	9.193840	1.000000	27.401068	1.000000
25.000000	9.50	0.690354	194.573228	1.000000	3.630512	1.000000	7.530516	1.000000	27.479763	1.000000
30.000000	9.50	0.690354	87.773893	1.000000	-4.436364	1.000000	4.883647	1.000000	27.391279	1.000000
35.000000	9.50	0.690354	19.779553	1.000000	-2.004786	1.000000	2.679245	1.000000	27.393067	1.000000
40.000000	9.50	0.690354	1.475977	1.000000	-0.038751	1.000000	0.840822	1.000000	27.539690	1.000000
45.000000	9.50	0.690354	1.475977	1.000000	-0.038751	1.000000	0.840822	1.000000	27.539690	1.000000
50.000000	9.50	0.690354	1.475977	1.000000	-0.038751	1.000000	0.840822	1.000000	27.539690	1.000000
55.000000	9.50	0.690354	0.219584	1.000000	0.030284	1.000000	0.382188	1.000000	27.584753	1.000000
60.000000	9.50	0.690354	0.219584	1.000000	0.030284	1.000000	0.382188	1.000000	27.584753	1.000000
