5.000000	11.00	0.883256	9123.713263	1.000000	196.916989	1.000000	49.243407	1.000000	32.147058	1.000000
10.000000	11.00	0.883256	1288.343045	1.000000	26.726478	1.000000	19.695695	1.000000	32.140696	1.000000
15.000000	11.00	0.883256	384.653978	1.000000	7.517231	1.000000	10.762829	1.000000	32.115005	1.000000
20.000000	11.00	0.883256	115.084295	1.000000	0.782622	1.000000	5.710869	1.000000	32.149605	1.000000
25.000000	11.00	0.883256	82.839995	1.000000	3.130988	1.000000	4.791611	1.000000	32.204869	1.000000
30.000000	11.00	0.883256	29.847112	1.000000	-1.264835	1.000000	3.007913	1.000000	32.142632	1.000000
35.000000	11.00	0.883256	7.178570	1.000000	-0.774334	1.000000	1.640649	1.000000	32.140992	1.000000
40.000000	11.00	0.883256	0.590250	1.000000	-0.005629	1.000000	0.518483	1.000000	32.252698	1.000000
45.000000	11.00	0.883256	0.590250	1.000000	-0.005629	1.000000	0.518483	1.000000	32.252698	1.000000
50.000000	11.00	0.883256	0.590250	1.000000	-0.005629	1.000000	0.518483	1.000000	32.252698	1.000000
55.000000	11.00	0.883256	0.082190	1.000000	0.015096	1.000000	0.237280	1.000000	32.294161	1.000000
60.000000	11.00	0.883256	0.082190	1.000000	0.015096	1.000000	0.237280	1.000000	32.294161	1.000000
