5.000000	10.75	0.862430	10183.767114	1.000000	201.421853	1.000000	52.136363	1.000000	31.622509	1.000000
10.000000	10.75	0.862430	1436.022541	1.000000	27.283663	1.000000	20.810621	1.000000	31.615939	1.000000
15.000000	10.75	0.862430	427.521489	1.000000	7.590376	1.000000	11.363319	1.000000	31.589123	1.000000
20.000000	10.75	0.862430	127.962761	1.000000	0.706065	1.000000	6.023241	1.000000	31.624640	1.000000
25.000000	10.75	0.862430	91.434687	1.000000	3.270315	1.000000	5.042164	1.000000	31.682074	1.000000
30.000000	10.75	0.862430	33.545829	1.000000	-1.447612	1.000000	3.171305	1.000000	31.617355	1.000000
35.000000	10.75	0.862430	8.027517	1.000000	-0.856142	1.000000	1.732742	1.000000	31.616240	1.000000
40.000000	10.75	0.862430	0.658043	1.000000	-0.007518	1.000000	0.548214	1.000000	31.731014	1.000000
45.000000	10.75	0.862430	0.658043	1.000000	-0.007518	1.000000	0.548214	1.000000	31.731014	1.000000
50.000000	10.75	0.862430	0.658043	1.000000	-0.007518	1.000000	0.548214	1.000000	31.731014	1.000000
55.000000	10.75	0.862430	0.091934	1.000000	0.016811	1.000000	0.250494	1.000000	31.774535	1.000000
60.000000	10.75	0.862430	0.091934	1.000000	0.016811	1.000000	0.250494	1.000000	31.774535	1.000000
