5.000000	8.75	0.510508	42594.732745	1.000000	177.056308	1.000000	119.654280	1.000000	22.688178	1.000000
10.000000	8.75	0.510508	8051.158244	1.000000	-54.658892	1.000000	50.130400	1.000000	22.686741	1.000000
15.000000	8.75	0.510508	2470.786318	1.000000	-26.370644	1.000000	27.212884	1.000000	22.641457	1.000000
20.000000	8.75	0.510508	717.428677	1.000000	-12.928984	1.000000	14.300780	1.000000	22.688078	1.000000
25.000000	8.75	0.510508	450.663017	1.000000	0.054747	1.000000	11.532723	1.000000	22.781131	1.000000
30.000000	8.75	0.510508	230.959408	1.000000	-11.296097	1.000000	7.558304	1.000000	22.672658	1.000000
35.000000	8.75	0.510508	49.084016	1.000000	-4.345166	1.000000	4.109883	1.000000	22.682350	1.000000
40.000000	8.75	0.510508	3.548155	1.000000	-0.206385	1.000000	1.319808	1.000000	22.861621	1.000000
45.000000	8.75	0.510508	3.548155	1.000000	-0.206385	1.000000	1.319808	1.000000	22.861621	1.000000
50.000000	8.75	0.510508	3.548155	1.000000	-0.206385	1.000000	1.319808	1.000000	22.861621	1.000000
55.000000	8.75	0.510508	0.495390	1.000000	0.016649	1.000000	0.566164	1.000000	22.910378	1.000000
60.000000	8.75	0.510508	0.495390	1.000000	0.016649	1.000000	0.566164	1.000000	22.910378	1.000000
