5.000000	9.25	0.635592	29057.018980	1.000000	129.952790	1.000000	92.664110	1.000000	26.056318	1.000000
10.000000	9.25	0.635592	4564.106688	1.000000	-5.967974	1.000000	37.053414	1.000000	26.049931	1.000000
15.000000	9.25	0.635592	1348.416559	1.000000	-4.890300	1.000000	20.096135	1.000000	26.007990	1.000000
20.000000	9.25	0.635592	372.685673	1.000000	-3.090375	1.000000	10.458837	1.000000	26.057774	1.000000
25.000000	9.25	0.635592	251.236391	1.000000	2.971331	1.000000	8.572676	1.000000	26.134360	1.000000
30.000000	9.25	0.635592	122.134775	1.000000	-6.334045	1.000000	5.597607	1.000000	26.041598	1.000000
35.000000	9.25	0.635592	25.805616	1.000000	-2.512856	1.000000	3.053050	1.000000	26.048486	1.000000
40.000000	9.25	0.635592	1.881871	1.000000	-0.067570	1.000000	0.956122	1.000000	26.204851	1.000000
45.000000	9.25	0.635592	1.881871	1.000000	-0.067570	1.000000	0.956122	1.000000	26.204851	1.000000
50.000000	9.25	0.635592	1.881871	1.000000	-0.067570	1.000000	0.956122	1.000000	26.204851	1.000000
55.000000	9.25	0.635592	0.285337	1.000000	0.031098	1.000000	0.432760	1.000000	26.252822	1.000000
60.000000	9.25	0.635592	0.285337	1.000000	0.031098	1.000000	0.432760	1.000000	26.252822	1.000000
