5.000000	13.50	0.971869	4706.126624	1.000000	128.951612	1.000000	35.466486	1.000000	35.487306	1.000000
10.000000	13.50	0.971869	678.228133	1.000000	17.963899	1.000000	14.254525	1.000000	35.480703	1.000000
15.000000	13.50	0.971869	204.033963	1.000000	5.122717	1.000000	7.796428	1.000000	35.459669	1.000000
20.000000	13.50	0.971869	60.762422	1.000000	0.563951	1.000000	4.146799	1.000000	35.489511	1.000000
25.000000	13.50	0.971869	44.532732	1.000000	2.081198	1.000000	3.497567	1.000000	35.532555	1.000000
30.000000	13.50	0.971869	15.280979	1.000000	-0.689141	1.000000	2.179423	1.000000	35.482863	1.000000
35.000000	13.50	0.971869	3.710980	1.000000	-0.452224	1.000000	1.186366	1.000000	35.480679	1.000000
40.000000	13.50	0.971869	0.304899	1.000000	-0.003311	1.000000	0.371381	1.000000	35.576994	1.000000
45.000000	13.50	0.971869	0.304899	1.000000	-0.003311	1.000000	0.371381	1.000000	35.576994	1.000000
50.000000	13.50	0.971869	0.304899	1.000000	-0.003311	1.000000	0.371381	1.000000	35.576994	1.000000
55.000000	13.50	0.971869	0.043974	1.000000	0.007277	1.000000	0.174803	1.000000	35.609458	1.000000
60.000000	13.50	0.971869	0.043974	1.000000	0.007277	1.000000	0.174803	1.000000	35.609458	1.000000
