5.000000	8.00	0.298025	65939.932236	1.000000	1090.277819	1.000000	157.556948	1.000000	15.545997	1.000000
10.000000	8.00	0.298025	13948.272479	1.000000	63.213314	1.000000	75.740857	1.000000	15.565336	1.000000
15.000000	8.00	0.298025	5049.793932	1.000000	-16.742463	1.000000	43.373503	1.000000	15.509891	1.000000
20.000000	8.00	0.298025	1879.125608	1.000000	-34.557399	1.000000	24.220920	1.000000	15.555206	1.000000
25.000000	8.00	0.298025	1119.308984	1.000000	-4.186576	1.000000	19.073873	1.000000	15.655586	1.000000
30.000000	8.00	0.298025	489.914795	1.000000	-16.734743	1.000000	12.198685	1.000000	15.537116	1.000000
35.000000	8.00	0.298025	158.373353	1.000000	-11.849322	1.000000	6.914325	1.000000	15.530853	1.000000
40.000000	8.00	0.298025	11.689867	1.000000	-0.505616	1.000000	2.293657	1.000000	15.796494	1.000000
45.000000	8.00	0.298025	11.689867	1.000000	-0.505616	1.000000	2.293657	1.000000	15.796494	1.000000
50.000000	8.00	0.298025	11.689867	1.000000	-0.505616	1.000000	2.293657	1.000000	15.796494	1.000000
55.000000	8.00	0.298025	1.308514	1.000000	0.249208	1.000000	0.909250	1.000000	15.804697	1.000000
60.000000	8.00	0.298025	1.308514	1.000000	0.249208	1.000000	0.909250	1.000000	15.804697	1.000000
