5.000000	10.00	0.782113	15910.269815	1.000000	187.054300	1.000000	65.845165	1.000000	29.535075	1.000000
10.000000	10.00	0.782113	2227.227142	1.000000	23.995172	1.000000	25.998919	1.000000	29.527528	1.000000
15.000000	10.00	0.782113	654.976871	1.000000	6.469630	1.000000	14.159102	1.000000	29.497165	1.000000
20.000000	10.00	0.782113	193.178699	1.000000	0.036757	1.000000	7.457653	1.000000	29.535532	1.000000
25.000000	10.00	0.782113	133.893102	1.000000	3.658908	1.000000	6.168502	1.000000	29.604845	1.000000
30.000000	10.00	0.782113	54.799079	1.000000	-2.598735	1.000000	3.941697	1.000000	29.529857	1.000000
35.000000	10.00	0.782113	12.508714	1.000000	-1.315102	1.000000	2.152281	1.000000	29.529528	1.000000
40.000000	10.00	0.782113	1.012088	1.000000	-0.017685	1.000000	0.684480	1.000000	29.660033	1.000000
45.000000	10.00	0.782113	1.012088	1.000000	-0.017685	1.000000	0.684480	1.000000	29.660033	1.000000
50.000000	10.00	0.782113	1.012088	1.000000	-0.017685	1.000000	0.684480	1.000000	29.660033	1.000000
55.000000	10.00	0.782113	0.142482	1.000000	0.025754	1.000000	0.310681	1.000000	29.704246	1.000000
60.000000	10.00	0.782113	0.142482	1.000000	0.025754	1.000000	0.310681	1.000000	29.704246	1.000000
