5.000000	14.50	0.983472	3882.531583	1.000000	109.692179	1.000000	32.343053	1.000000	36.504759	1.000000
10.000000	14.50	0.983472	563.293020	1.000000	15.336119	1.000000	13.004589	1.000000	36.498551	1.000000
15.000000	14.50	0.983472	169.703161	1.000000	4.386323	1.000000	7.114988	1.000000	36.480548	1.000000
20.000000	14.50	0.983472	50.533222	1.000000	0.473450	1.000000	3.784683	1.000000	36.508139	1.000000
25.000000	14.50	0.983472	37.158408	1.000000	1.800256	1.000000	3.195118	1.000000	36.547946	1.000000
30.000000	14.50	0.983472	12.735067	1.000000	-0.600113	1.000000	1.987830	1.000000	36.500706	1.000000
35.000000	14.50	0.983472	3.085000	1.000000	-0.394188	1.000000	1.083072	1.000000	36.498949	1.000000
40.000000	14.50	0.983472	0.253328	1.000000	-0.001920	1.000000	0.338708	1.000000	36.591529	1.000000
45.000000	14.50	0.983472	0.253328	1.000000	-0.001920	1.000000	0.338708	1.000000	36.591529	1.000000
50.000000	14.50	0.983472	0.253328	1.000000	-0.001920	1.000000	0.338708	1.000000	36.591529	1.000000
55.000000	14.50	0.983472	0.036625	1.000000	0.005857	1.000000	0.159565	1.000000	36.622834	1.000000
60.000000	14.50	0.983472	0.036625	1.000000	0.005857	1.000000	0.159565	1.000000	36.622834	1.000000
