5.000000	7.00	0.043977	66065.914743	1.000000	1793.966833	1.000000	66.140945	1.000000	3.050849	1.000000
10.000000	7.00	0.043977	12898.532447	1.000000	567.065644	1.000000	37.530783	1.000000	3.055610	1.000000
15.000000	7.00	0.043977	4078.459757	1.000000	243.535747	1.000000	24.673277	1.000000	3.036004	1.000000
20.000000	7.00	0.043977	1288.115579	1.000000	90.389418	1.000000	14.717858	1.000000	3.088121	1.000000
25.000000	7.00	0.043977	927.355797	1.000000	75.113554	1.000000	13.578723	1.000000	3.106394	1.000000
30.000000	7.00	0.043977	225.783748	1.000000	24.293973	1.000000	8.539656	1.000000	3.087407	1.000000
35.000000	7.00	0.043977	46.716855	1.000000	4.253446	1.000000	4.714114	1.000000	3.023332	1.000000
40.000000	7.00	0.043977	11.881024	1.000000	1.453544	1.000000	2.318702	1.000000	3.102247	1.000000
45.000000	7.00	0.043977	11.881024	1.000000	1.453544	1.000000	2.318702	1.000000	3.102247	1.000000
50.000000	7.00	0.043977	11.881024	1.000000	1.453544	1.000000	2.318702	1.000000	3.102247	1.000000
55.000000	7.00	0.043977	0.962624	1.000000	0.277761	1.000000	0.694481	1.000000	3.283388	1.000000
60.000000	7.00	0.043977	0.962624	1.000000	0.277761	1.000000	0.694481	1.000000	3.283388	1.000000
