5.000000	12.00	0.936945	6610.932711	1.000000	167.874347	1.000000	41.824938	1.000000	33.736154	1.000000
10.000000	12.00	0.936945	939.197942	1.000000	23.082505	1.000000	16.791068	1.000000	33.730826	1.000000
15.000000	12.00	0.936945	281.165118	1.000000	6.502052	1.000000	9.177175	1.000000	33.707246	1.000000
20.000000	12.00	0.936945	84.262208	1.000000	0.770879	1.000000	4.882381	1.000000	33.738671	1.000000
25.000000	12.00	0.936945	61.305503	1.000000	2.643674	1.000000	4.112069	1.000000	33.787574	1.000000
30.000000	12.00	0.936945	21.296238	1.000000	-0.904386	1.000000	2.564918	1.000000	33.732379	1.000000
35.000000	12.00	0.936945	5.177606	1.000000	-0.585624	1.000000	1.397964	1.000000	33.730582	1.000000
40.000000	12.00	0.936945	0.424230	1.000000	-0.004344	1.000000	0.438267	1.000000	33.834120	1.000000
45.000000	12.00	0.936945	0.424230	1.000000	-0.004344	1.000000	0.438267	1.000000	33.834120	1.000000
50.000000	12.00	0.936945	0.424230	1.000000	-0.004344	1.000000	0.438267	1.000000	33.834120	1.000000
55.000000	12.00	0.936945	0.060359	1.000000	0.010186	1.000000	0.204058	1.000000	33.870861	1.000000
60.000000	12.00	0.936945	0.060359	1.000000	0.010186	1.000000	0.204058	1.000000	33.870861	1.000000
