5.000000	14.00	0.978448	4257.686808	1.000000	118.573131	1.000000	33.819038	1.000000	36.005743	1.000000
10.000000	14.00	0.978448	616.850358	1.000000	16.610923	1.000000	13.599201	1.000000	35.999317	1.000000
15.000000	14.00	0.978448	185.331285	1.000000	4.727932	1.000000	7.436722	1.000000	35.979438	1.000000
20.000000	14.00	0.978448	55.342807	1.000000	0.526520	1.000000	3.958719	1.000000	36.008675	1.000000
25.000000	14.00	0.978448	40.579719	1.000000	1.933724	1.000000	3.339399	1.000000	36.049582	1.000000
30.000000	14.00	0.978448	13.917352	1.000000	-0.642846	1.000000	2.079002	1.000000	36.001282	1.000000
35.000000	14.00	0.978448	3.377974	1.000000	-0.421186	1.000000	1.132741	1.000000	35.999304	1.000000
40.000000	14.00	0.978448	0.277765	1.000000	-0.001916	1.000000	0.354089	1.000000	36.093912	1.000000
45.000000	14.00	0.978448	0.277765	1.000000	-0.001916	1.000000	0.354089	1.000000	36.093912	1.000000
50.000000	14.00	0.978448	0.277765	1.000000	-0.001916	1.000000	0.354089	1.000000	36.093912	1.000000
55.000000	14.00	0.978448	0.040106	1.000000	0.006459	1.000000	0.166954	1.000000	36.125691	1.000000
60.000000	14.00	0.978448	0.040106	1.000000	0.006459	1.000000	0.166954	1.000000	36.125691	1.000000
