5.000000	11.50	0.869820	935.392585	1.000000	-57.188017	1.000000	8.529319	1.000000	24.325231	1.000000
10.000000	11.50	0.869820	70.778745	1.000000	-7.932988	1.000000	2.443246	1.000000	24.317286	1.000000
15.000000	11.50	0.869820	13.171764	1.000000	-2.042558	1.000000	1.109510	1.000000	24.330627	1.000000
20.000000	11.50	0.869820	1.795418	1.000000	-0.491036	1.000000	0.550981	1.000000	24.307064	1.000000
25.000000	11.50	0.869820	2.018785	1.000000	-0.549936	1.000000	0.481001	1.000000	24.289306	1.000000
30.000000	11.50	0.869820	0.208671	1.000000	-0.101915	1.000000	0.252721	1.000000	24.307843	1.000000
35.000000	11.50	0.869820	0.079441	1.000000	-0.025252	1.000000	0.177207	1.000000	24.302892	1.000000
40.000000	11.50	0.869820	0.010494	1.000000	-0.007889	1.000000	0.065020	1.000000	24.338357	1.000000
45.000000	11.50	0.869820	0.010494	1.000000	-0.007889	1.000000	0.065020	1.000000	24.338357	1.000000
50.000000	11.50	0.869820	0.010494	1.000000	-0.007889	1.000000	0.065020	1.000000	24.338357	1.000000
55.000000	11.50	0.869820	0.000637	1.000000	-0.001427	1.000000	0.014013	1.000000	24.299983	1.000000
60.000000	11.50	0.869820	0.000637	1.000000	-0.001427	1.000000	0.014013	1.000000	24.299983	1.000000
