5.000000	7.00	0.033998	170.808778	1.000000	20.058657	1.000000	2.744462	1.000000	0.435285	1.000000
10.000000	7.00	0.033998	68.914140	1.000000	10.020702	1.000000	1.841784	1.000000	0.436431	1.000000
15.000000	7.00	0.033998	30.112248	1.000000	5.382421	1.000000	1.287308	1.000000	0.436324	1.000000
20.000000	7.00	0.033998	9.988628	1.000000	2.241951	1.000000	0.786079	1.000000	0.442072	1.000000
25.000000	7.00	0.033998	4.035601	1.000000	1.194381	1.000000	0.577882	1.000000	0.441834	1.000000
30.000000	7.00	0.033998	2.912864	1.000000	0.880783	1.000000	0.466318	1.000000	0.437070	1.000000
35.000000	7.00	0.033998	0.514612	1.000000	0.263054	1.000000	0.243234	1.000000	0.440597	1.000000
40.000000	7.00	0.033998	0.028156	1.000000	0.029835	1.000000	0.084647	1.000000	0.428328	1.000000
45.000000	7.00	0.033998	0.028156	1.000000	0.029835	1.000000	0.084647	1.000000	0.428328	1.000000
50.000000	7.00	0.033998	0.028156	1.000000	0.029835	1.000000	0.084647	1.000000	0.428328	1.000000
55.000000	7.00	0.033998	0.000725	1.000000	0.001141	1.000000	0.021155	1.000000	0.381940	1.000000
60.000000	7.00	0.033998	0.000725	1.000000	0.001141	1.000000	0.021155	1.000000	0.381940	1.000000
