5.000000	8.75	0.531090	1909.149396	1.000000	-97.328686	1.000000	30.845329	1.000000	10.310363	1.000000
10.000000	8.75	0.531090	743.816795	1.000000	-46.930874	1.000000	16.903165	1.000000	10.289481	1.000000
15.000000	8.75	0.531090	320.863061	1.000000	-24.323252	1.000000	10.177952	1.000000	10.314984	1.000000
20.000000	8.75	0.531090	113.401815	1.000000	-7.912716	1.000000	5.616834	1.000000	10.294493	1.000000
25.000000	8.75	0.531090	81.136842	1.000000	-7.222797	1.000000	4.880789	1.000000	10.246255	1.000000
30.000000	8.75	0.531090	28.156957	1.000000	-2.176156	1.000000	3.054465	1.000000	10.290012	1.000000
35.000000	8.75	0.531090	10.045001	1.000000	-0.125994	1.000000	1.842101	1.000000	10.298192	1.000000
40.000000	8.75	0.531090	1.118632	1.000000	-0.157911	1.000000	0.731612	1.000000	10.213093	1.000000
45.000000	8.75	0.531090	1.118632	1.000000	-0.157911	1.000000	0.731612	1.000000	10.213093	1.000000
50.000000	8.75	0.531090	1.118632	1.000000	-0.157911	1.000000	0.731612	1.000000	10.213093	1.000000
55.000000	8.75	0.531090	0.107264	1.000000	-0.072141	1.000000	0.236966	1.000000	10.175129	1.000000
60.000000	8.75	0.531090	0.107264	1.000000	-0.072141	1.000000	0.236966	1.000000	10.175129	1.000000
