5.000000	12.75	0.923943	294.838321	1.000000	-15.901520	1.000000	6.117556	1.000000	28.468096	1.000000
10.000000	12.75	0.923943	16.461880	1.000000	-1.713552	1.000000	1.678391	1.000000	28.462970	1.000000
15.000000	12.75	0.923943	2.386920	1.000000	-0.322174	1.000000	0.795484	1.000000	28.465865	1.000000
20.000000	12.75	0.923943	0.485067	1.000000	-0.110840	1.000000	0.385303	1.000000	28.454329	1.000000
25.000000	12.75	0.923943	0.246419	1.000000	-0.035749	1.000000	0.291657	1.000000	28.452419	1.000000
30.000000	12.75	0.923943	0.147580	1.000000	-0.056014	1.000000	0.182170	1.000000	28.457194	1.000000
35.000000	12.75	0.923943	0.042722	1.000000	0.000745	1.000000	0.129479	1.000000	28.448157	1.000000
40.000000	12.75	0.923943	0.003472	1.000000	-0.003157	1.000000	0.035163	1.000000	28.506267	1.000000
45.000000	12.75	0.923943	0.003472	1.000000	-0.003157	1.000000	0.035163	1.000000	28.506267	1.000000
50.000000	12.75	0.923943	0.003472	1.000000	-0.003157	1.000000	0.035163	1.000000	28.506267	1.000000
55.000000	12.75	0.923943	0.000243	1.000000	0.000065	1.000000	0.011048	1.000000	28.480435	1.000000
60.000000	12.75	0.923943	0.000243	1.000000	0.000065	1.000000	0.011048	1.000000	28.480435	1.000000
