5.000000	10.50	0.796211	1884.647465	1.000000	-120.010620	1.000000	14.748062	1.000000	20.066852	1.000000
10.000000	10.50	0.796211	265.460694	1.000000	-25.476867	1.000000	5.458921	1.000000	20.050963	1.000000
15.000000	10.50	0.796211	58.728760	1.000000	-7.680794	1.000000	2.694861	1.000000	20.074470	1.000000
20.000000	10.50	0.796211	10.962357	1.000000	-2.034036	1.000000	1.409279	1.000000	20.048924	1.000000
25.000000	10.50	0.796211	11.880255	1.000000	-2.166188	1.000000	1.276893	1.000000	20.008209	1.000000
30.000000	10.50	0.796211	1.508978	1.000000	-0.449851	1.000000	0.709501	1.000000	20.039485	1.000000
35.000000	10.50	0.796211	0.417541	1.000000	-0.073711	1.000000	0.426433	1.000000	20.042033	1.000000
40.000000	10.50	0.796211	0.070908	1.000000	-0.032970	1.000000	0.172035	1.000000	20.048503	1.000000
45.000000	10.50	0.796211	0.070908	1.000000	-0.032970	1.000000	0.172035	1.000000	20.048503	1.000000
50.000000	10.50	0.796211	0.070908	1.000000	-0.032970	1.000000	0.172035	1.000000	20.048503	1.000000
55.000000	10.50	0.796211	0.005656	1.000000	-0.009640	1.000000	0.049111	1.000000	20.000476	1.000000
60.000000	10.50	0.796211	0.005656	1.000000	-0.009640	1.000000	0.049111	1.000000	20.000476	1.000000
