5.000000	8.50	0.467085	1662.507021	1.000000	-49.143466	1.000000	31.839239	1.000000	8.693288	1.000000
10.000000	8.50	0.467085	728.939166	1.000000	-33.055813	1.000000	18.471097	1.000000	8.678841	1.000000
15.000000	8.50	0.467085	342.123691	1.000000	-20.319571	1.000000	11.634764	1.000000	8.696178	1.000000
20.000000	8.50	0.467085	126.283302	1.000000	-6.349491	1.000000	6.566515	1.000000	8.675487	1.000000
25.000000	8.50	0.467085	91.385754	1.000000	-6.628955	1.000000	5.657967	1.000000	8.635760	1.000000
30.000000	8.50	0.467085	37.918280	1.000000	-2.087240	1.000000	3.690396	1.000000	8.674990	1.000000
35.000000	8.50	0.467085	14.256518	1.000000	0.133252	1.000000	2.259322	1.000000	8.675578	1.000000
40.000000	8.50	0.467085	1.531688	1.000000	-0.176281	1.000000	0.856979	1.000000	8.582627	1.000000
45.000000	8.50	0.467085	1.531688	1.000000	-0.176281	1.000000	0.856979	1.000000	8.582627	1.000000
50.000000	8.50	0.467085	1.531688	1.000000	-0.176281	1.000000	0.856979	1.000000	8.582627	1.000000
55.000000	8.50	0.467085	0.172382	1.000000	-0.114929	1.000000	0.287475	1.000000	8.535655	1.000000
60.000000	8.50	0.467085	0.172382	1.000000	-0.114929	1.000000	0.287475	1.000000	8.535655	1.000000
