5.000000	9.50	0.676623	2417.792831	1.000000	-159.480342	1.000000	24.540237	1.000000	14.920670	1.000000
10.000000	9.50	0.676623	608.463637	1.000000	-49.805302	1.000000	11.293547	1.000000	14.897134	1.000000
15.000000	9.50	0.676623	163.202505	1.000000	-17.013693	1.000000	6.006102	1.000000	14.929698	1.000000
20.000000	9.50	0.676623	51.387921	1.000000	-5.502883	1.000000	3.289453	1.000000	14.897391	1.000000
25.000000	9.50	0.676623	46.578950	1.000000	-5.558474	1.000000	2.928501	1.000000	14.854037	1.000000
30.000000	9.50	0.676623	8.222590	1.000000	-1.123418	1.000000	1.677715	1.000000	14.897495	1.000000
35.000000	9.50	0.676623	2.456524	1.000000	-0.048720	1.000000	0.984953	1.000000	14.904991	1.000000
40.000000	9.50	0.676623	0.381898	1.000000	-0.104798	1.000000	0.409994	1.000000	14.861898	1.000000
45.000000	9.50	0.676623	0.381898	1.000000	-0.104798	1.000000	0.409994	1.000000	14.861898	1.000000
50.000000	9.50	0.676623	0.381898	1.000000	-0.104798	1.000000	0.409994	1.000000	14.861898	1.000000
55.000000	9.50	0.676623	0.031379	1.000000	-0.030396	1.000000	0.129703	1.000000	14.826504	1.000000
60.000000	9.50	0.676623	0.031379	1.000000	-0.030396	1.000000	0.129703	1.000000	14.826504	1.000000
