5.000000	6.00	0.000318	0.342181	1.000000	0.056967	1.000000	0.010876	1.000000	0.002850	1.000000
10.000000	6.00	0.000318	0.057094	1.000000	0.017160	1.000000	0.005755	1.000000	0.002818	1.000000
15.000000	6.00	0.000318	0.000342	1.000000	0.000546	1.000000	0.000989	1.000000	0.002359	1.000000
20.000000	6.00	0.000318	0.000725	1.000000	0.001087	1.000000	0.001743	1.000000	0.003345	1.000000
25.000000	6.00	0.000318	0.000128	1.000000	0.000353	1.000000	0.001012	1.000000	0.003122	1.000000
30.000000	6.00	0.000318	0.000039	1.000000	0.000148	1.000000	0.000564	1.000000	0.002257	1.000000
35.000000	6.00	0.000318	0.000001	1.000000	0.000013	1.000000	0.000145	1.000000	0.002015	1.000000
40.000000	6.00	0.000318	0.000000	1.000000	0.000000	1.000000	0.000011	1.000000	0.000985	1.000000
45.000000	6.00	0.000318	0.000000	1.000000	0.000000	1.000000	0.000011	1.000000	0.000985	1.000000
50.000000	6.00	0.000318	0.000000	1.000000	0.000000	1.000000	0.000011	1.000000	0.000985	1.000000
55.000000	6.00	0.000318	0.000000	1.000000	0.000000	1.000000	0.000007	1.000000	0.001522	1.000000
60.000000	6.00	0.000318	0.000000	1.000000	0.000000	1.000000	0.000007	1.000000	0.001522	1.000000
