5.000000	9.00	0.586335	2167.936227	1.000000	-132.136255	1.000000	29.231262	1.000000	11.890347	1.000000
10.000000	9.00	0.586335	728.419712	1.000000	-52.522040	1.000000	15.031989	1.000000	11.866582	1.000000
15.000000	9.00	0.586335	277.640490	1.000000	-23.623541	1.000000	8.695407	1.000000	11.895080	1.000000
20.000000	9.00	0.586335	99.098479	1.000000	-8.167715	1.000000	4.810063	1.000000	11.871701	1.000000
25.000000	9.00	0.586335	72.112225	1.000000	-7.091092	1.000000	4.162525	1.000000	11.826397	1.000000
30.000000	9.00	0.586335	19.920519	1.000000	-1.893059	1.000000	2.542118	1.000000	11.866747	1.000000
35.000000	9.00	0.586335	6.632988	1.000000	-0.158699	1.000000	1.514214	1.000000	11.880445	1.000000
40.000000	9.00	0.586335	0.856045	1.000000	-0.176206	1.000000	0.626473	1.000000	11.805471	1.000000
45.000000	9.00	0.586335	0.856045	1.000000	-0.176206	1.000000	0.626473	1.000000	11.805471	1.000000
50.000000	9.00	0.586335	0.856045	1.000000	-0.176206	1.000000	0.626473	1.000000	11.805471	1.000000
55.000000	9.00	0.586335	0.074255	1.000000	-0.050213	1.000000	0.198899	1.000000	11.771432	1.000000
60.000000	9.00	0.586335	0.074255	1.000000	-0.050213	1.000000	0.198899	1.000000	11.771432	1.000000
