5.000000	10.75	0.818269	1657.900140	1.000000	-104.100107	1.000000	12.847559	1.000000	21.238943	1.000000
10.000000	10.75	0.818269	201.075603	1.000000	-20.107776	1.000000	4.478710	1.000000	21.225334	1.000000
15.000000	10.75	0.818269	42.858879	1.000000	-5.893589	1.000000	2.167150	1.000000	21.245349	1.000000
20.000000	10.75	0.818269	7.356003	1.000000	-1.522287	1.000000	1.120451	1.000000	21.219835	1.000000
25.000000	10.75	0.818269	8.173107	1.000000	-1.648163	1.000000	1.013765	1.000000	21.184987	1.000000
30.000000	10.75	0.818269	0.930584	1.000000	-0.326836	1.000000	0.552877	1.000000	21.213289	1.000000
35.000000	10.75	0.818269	0.259706	1.000000	-0.060841	1.000000	0.338085	1.000000	21.214942	1.000000
40.000000	10.75	0.818269	0.043651	1.000000	-0.022883	1.000000	0.134485	1.000000	21.229219	1.000000
45.000000	10.75	0.818269	0.043651	1.000000	-0.022883	1.000000	0.134485	1.000000	21.229219	1.000000
50.000000	10.75	0.818269	0.043651	1.000000	-0.022883	1.000000	0.134485	1.000000	21.229219	1.000000
55.000000	10.75	0.818269	0.003489	1.000000	-0.006716	1.000000	0.037237	1.000000	21.182778	1.000000
60.000000	10.75	0.818269	0.003489	1.000000	-0.006716	1.000000	0.037237	1.000000	21.182778	1.000000
