5.000000	9.25	0.634701	2351.310598	1.000000	-152.613607	1.000000	27.097089	1.000000	13.439105	1.000000
10.000000	9.25	0.634701	685.895158	1.000000	-53.223839	1.000000	13.146978	1.000000	13.415899	1.000000
15.000000	9.25	0.634701	215.322309	1.000000	-20.396045	1.000000	7.255889	1.000000	13.447748	1.000000
20.000000	9.25	0.634701	74.565433	1.000000	-6.976882	1.000000	4.021596	1.000000	13.416360	1.000000
25.000000	9.25	0.634701	62.921343	1.000000	-6.714824	1.000000	3.530036	1.000000	13.373544	1.000000
30.000000	9.25	0.634701	12.442246	1.000000	-1.399232	1.000000	2.064025	1.000000	13.415052	1.000000
35.000000	9.25	0.634701	3.857065	1.000000	-0.047595	1.000000	1.213111	1.000000	13.429020	1.000000
40.000000	9.25	0.634701	0.570801	1.000000	-0.139615	1.000000	0.507258	1.000000	13.368032	1.000000
45.000000	9.25	0.634701	0.570801	1.000000	-0.139615	1.000000	0.507258	1.000000	13.368032	1.000000
50.000000	9.25	0.634701	0.570801	1.000000	-0.139615	1.000000	0.507258	1.000000	13.368032	1.000000
55.000000	9.25	0.634701	0.047908	1.000000	-0.039189	1.000000	0.158681	1.000000	13.336201	1.000000
60.000000	9.25	0.634701	0.047908	1.000000	-0.039189	1.000000	0.158681	1.000000	13.336201	1.000000
