5.000000	8.25	0.391411	1388.885606	1.000000	11.074138	1.000000	30.467970	1.000000	6.919438	1.000000
10.000000	8.25	0.391411	636.503127	1.000000	-7.457242	1.000000	18.668385	1.000000	6.913868	1.000000
15.000000	8.25	0.391411	318.187400	1.000000	-9.357252	1.000000	12.364086	1.000000	6.929564	1.000000
20.000000	8.25	0.391411	127.966476	1.000000	-2.072472	1.000000	7.202859	1.000000	6.906021	1.000000
25.000000	8.25	0.391411	93.054059	1.000000	-4.054243	1.000000	6.135487	1.000000	6.882332	1.000000
30.000000	8.25	0.391411	47.673173	1.000000	-1.242748	1.000000	4.156906	1.000000	6.916451	1.000000
35.000000	8.25	0.391411	17.701972	1.000000	0.838933	1.000000	2.555362	1.000000	6.903876	1.000000
40.000000	8.25	0.391411	1.953101	1.000000	-0.145361	1.000000	0.915120	1.000000	6.819048	1.000000
45.000000	8.25	0.391411	1.953101	1.000000	-0.145361	1.000000	0.915120	1.000000	6.819048	1.000000
50.000000	8.25	0.391411	1.953101	1.000000	-0.145361	1.000000	0.915120	1.000000	6.819048	1.000000
55.000000	8.25	0.391411	0.203499	1.000000	-0.124348	1.000000	0.330062	1.000000	6.745609	1.000000
60.000000	8.25	0.391411	0.203499	1.000000	-0.124348	1.000000	0.330062	1.000000	6.745609	1.000000
