5.000000	13.00	0.932145	251.733119	1.000000	-12.906334	1.000000	6.275141	1.000000	29.237417	1.000000
10.000000	13.00	0.932145	14.533538	1.000000	-1.490653	1.000000	1.803743	1.000000	29.232038	1.000000
15.000000	13.00	0.932145	2.653890	1.000000	-0.340314	1.000000	0.882453	1.000000	29.233922	1.000000
20.000000	13.00	0.932145	0.619449	1.000000	-0.139243	1.000000	0.432439	1.000000	29.223640	1.000000
25.000000	13.00	0.932145	0.308277	1.000000	-0.036941	1.000000	0.325592	1.000000	29.224641	1.000000
30.000000	13.00	0.932145	0.203677	1.000000	-0.073934	1.000000	0.210627	1.000000	29.226655	1.000000
35.000000	13.00	0.932145	0.050807	1.000000	-0.002123	1.000000	0.142655	1.000000	29.217897	1.000000
40.000000	13.00	0.932145	0.004249	1.000000	-0.004208	1.000000	0.037321	1.000000	29.279174	1.000000
45.000000	13.00	0.932145	0.004249	1.000000	-0.004208	1.000000	0.037321	1.000000	29.279174	1.000000
50.000000	13.00	0.932145	0.004249	1.000000	-0.004208	1.000000	0.037321	1.000000	29.279174	1.000000
55.000000	13.00	0.932145	0.000393	1.000000	-0.000140	1.000000	0.013802	1.000000	29.256071	1.000000
60.000000	13.00	0.932145	0.000393	1.000000	-0.000140	1.000000	0.013802	1.000000	29.256071	1.000000
