5.000000	11.25	0.855281	1177.635920	1.000000	-72.181930	1.000000	9.774652	1.000000	23.410350	1.000000
10.000000	11.25	0.855281	102.531471	1.000000	-11.195461	1.000000	2.979533	1.000000	23.402078	1.000000
15.000000	11.25	0.855281	19.933833	1.000000	-2.996255	1.000000	1.370644	1.000000	23.417552	1.000000
20.000000	11.25	0.855281	2.965458	1.000000	-0.748047	1.000000	0.693961	1.000000	23.392700	1.000000
25.000000	11.25	0.855281	3.320232	1.000000	-0.826299	1.000000	0.615105	1.000000	23.368633	1.000000
30.000000	11.25	0.855281	0.340394	1.000000	-0.154694	1.000000	0.327226	1.000000	23.391126	1.000000
35.000000	11.25	0.855281	0.112307	1.000000	-0.037001	1.000000	0.216534	1.000000	23.388590	1.000000
40.000000	11.25	0.855281	0.017453	1.000000	-0.012037	1.000000	0.082526	1.000000	23.418137	1.000000
45.000000	11.25	0.855281	0.017453	1.000000	-0.012037	1.000000	0.082526	1.000000	23.418137	1.000000
50.000000	11.25	0.855281	0.017453	1.000000	-0.012037	1.000000	0.082526	1.000000	23.418137	1.000000
55.000000	11.25	0.855281	0.001177	1.000000	-0.002644	1.000000	0.019743	1.000000	23.376008	1.000000
60.000000	11.25	0.855281	0.001177	1.000000	-0.002644	1.000000	0.019743	1.000000	23.376008	1.000000
