5.000000	12.25	0.904530	438.898859	1.000000	-25.956951	1.000000	6.313762	1.000000	26.802890	1.000000
10.000000	12.25	0.904530	27.227268	1.000000	-2.908324	1.000000	1.653347	1.000000	26.798325	1.000000
15.000000	12.25	0.904530	3.565561	1.000000	-0.558707	1.000000	0.749610	1.000000	26.803189	1.000000
20.000000	12.25	0.904530	0.473244	1.000000	-0.129249	1.000000	0.355835	1.000000	26.787344	1.000000
25.000000	12.25	0.904530	0.380036	1.000000	-0.112186	1.000000	0.285411	1.000000	26.780236	1.000000
30.000000	12.25	0.904530	0.096067	1.000000	-0.039374	1.000000	0.160156	1.000000	26.790367	1.000000
35.000000	12.25	0.904530	0.041198	1.000000	-0.000982	1.000000	0.122838	1.000000	26.781701	1.000000
40.000000	12.25	0.904530	0.003253	1.000000	-0.002587	1.000000	0.037516	1.000000	26.832319	1.000000
45.000000	12.25	0.904530	0.003253	1.000000	-0.002587	1.000000	0.037516	1.000000	26.832319	1.000000
50.000000	12.25	0.904530	0.003253	1.000000	-0.002587	1.000000	0.037516	1.000000	26.832319	1.000000
55.000000	12.25	0.904530	0.000154	1.000000	0.000124	1.000000	0.008757	1.000000	26.800958	1.000000
60.000000	12.25	0.904530	0.000154	1.000000	0.000124	1.000000	0.008757	1.000000	26.800958	1.000000
