5.000000	12.00	0.893394	555.616714	1.000000	-33.754526	1.000000	6.741360	1.000000	25.933944	1.000000
10.000000	12.00	0.893394	36.147266	1.000000	-3.980057	1.000000	1.783805	1.000000	25.928462	1.000000
15.000000	12.00	0.893394	5.297483	1.000000	-0.858262	1.000000	0.799514	1.000000	25.936076	1.000000
20.000000	12.00	0.893394	0.660164	1.000000	-0.194114	1.000000	0.384147	1.000000	25.918078	1.000000
25.000000	12.00	0.893394	0.660640	1.000000	-0.204787	1.000000	0.319230	1.000000	25.906887	1.000000
30.000000	12.00	0.893394	0.101926	1.000000	-0.046221	1.000000	0.172372	1.000000	25.920983	1.000000
35.000000	12.00	0.893394	0.046940	1.000000	-0.006510	1.000000	0.131425	1.000000	25.912111	1.000000
40.000000	12.00	0.893394	0.004279	1.000000	-0.003552	1.000000	0.043284	1.000000	25.958372	1.000000
45.000000	12.00	0.893394	0.004279	1.000000	-0.003552	1.000000	0.043284	1.000000	25.958372	1.000000
50.000000	12.00	0.893394	0.004279	1.000000	-0.003552	1.000000	0.043284	1.000000	25.958372	1.000000
55.000000	12.00	0.893394	0.000218	1.000000	-0.000180	1.000000	0.009209	1.000000	25.924154	1.000000
60.000000	12.00	0.893394	0.000218	1.000000	-0.000180	1.000000	0.009209	1.000000	25.924154	1.000000
