5.000000	14.00	0.956686	219.294515	1.000000	-8.473623	1.000000	7.965462	1.000000	31.887332	1.000000
10.000000	14.00	0.956686	24.275900	1.000000	-1.966391	1.000000	2.723044	1.000000	31.882455	1.000000
15.000000	14.00	0.956686	6.752896	1.000000	-0.772820	1.000000	1.450438	1.000000	31.881048	1.000000
20.000000	14.00	0.956686	1.827410	1.000000	-0.334107	1.000000	0.746411	1.000000	31.878065	1.000000
25.000000	14.00	0.956686	0.980964	1.000000	-0.117843	1.000000	0.578953	1.000000	31.888443	1.000000
30.000000	14.00	0.956686	0.621173	1.000000	-0.167986	1.000000	0.386007	1.000000	31.878871	1.000000
35.000000	14.00	0.956686	0.133781	1.000000	-0.034788	1.000000	0.231504	1.000000	31.870585	1.000000
40.000000	14.00	0.956686	0.010303	1.000000	-0.009718	1.000000	0.060265	1.000000	31.942556	1.000000
45.000000	14.00	0.956686	0.010303	1.000000	-0.009718	1.000000	0.060265	1.000000	31.942556	1.000000
50.000000	14.00	0.956686	0.010303	1.000000	-0.009718	1.000000	0.060265	1.000000	31.942556	1.000000
55.000000	14.00	0.956686	0.001472	1.000000	-0.001037	1.000000	0.028813	1.000000	31.929635	1.000000
60.000000	14.00	0.956686	0.001472	1.000000	-0.001037	1.000000	0.028813	1.000000	31.929635	1.000000
