5.000000	10.00	0.744322	2283.412758	1.000000	-148.753747	1.000000	19.348707	1.000000	17.636561	1.000000
10.000000	10.00	0.744322	428.496186	1.000000	-38.016864	1.000000	8.005369	1.000000	17.616982	1.000000
15.000000	10.00	0.744322	100.090991	1.000000	-11.838160	1.000000	4.072655	1.000000	17.646315	1.000000
20.000000	10.00	0.744322	23.358345	1.000000	-3.346441	1.000000	2.173685	1.000000	17.619199	1.000000
25.000000	10.00	0.744322	23.577100	1.000000	-3.523063	1.000000	1.969755	1.000000	17.571311	1.000000
30.000000	10.00	0.744322	3.794340	1.000000	-0.781359	1.000000	1.120676	1.000000	17.608886	1.000000
35.000000	10.00	0.744322	1.041417	1.000000	-0.083606	1.000000	0.658222	1.000000	17.613717	1.000000
40.000000	10.00	0.744322	0.173348	1.000000	-0.060325	1.000000	0.273362	1.000000	17.598670	1.000000
45.000000	10.00	0.744322	0.173348	1.000000	-0.060325	1.000000	0.273362	1.000000	17.598670	1.000000
50.000000	10.00	0.744322	0.173348	1.000000	-0.060325	1.000000	0.273362	1.000000	17.598670	1.000000
55.000000	10.00	0.744322	0.013423	1.000000	-0.017369	1.000000	0.082398	1.000000	17.554536	1.000000
60.000000	10.00	0.744322	0.013423	1.000000	-0.017369	1.000000	0.082398	1.000000	17.554536	1.000000
