5.000000	11.00	0.837958	1417.947685	1.000000	-87.836920	1.000000	11.188921	1.000000	22.360406	1.000000
10.000000	11.00	0.837958	145.638690	1.000000	-15.246491	1.000000	3.647009	1.000000	22.349983	1.000000
15.000000	11.00	0.837958	29.483378	1.000000	-4.260545	1.000000	1.718832	1.000000	22.367254	1.000000
20.000000	11.00	0.837958	4.795115	1.000000	-1.099201	1.000000	0.883281	1.000000	22.342136	1.000000
25.000000	11.00	0.837958	5.297187	1.000000	-1.188501	1.000000	0.791214	1.000000	22.312938	1.000000
30.000000	11.00	0.837958	0.564658	1.000000	-0.229824	1.000000	0.425319	1.000000	22.338045	1.000000
35.000000	11.00	0.837958	0.166873	1.000000	-0.049241	1.000000	0.269043	1.000000	22.337455	1.000000
40.000000	11.00	0.837958	0.027483	1.000000	-0.016847	1.000000	0.104830	1.000000	22.360048	1.000000
45.000000	11.00	0.837958	0.027483	1.000000	-0.016847	1.000000	0.104830	1.000000	22.360048	1.000000
50.000000	11.00	0.837958	0.027483	1.000000	-0.016847	1.000000	0.104830	1.000000	22.360048	1.000000
55.000000	11.00	0.837958	0.002068	1.000000	-0.004387	1.000000	0.027309	1.000000	22.315191	1.000000
60.000000	11.00	0.837958	0.002068	1.000000	-0.004387	1.000000	0.027309	1.000000	22.315191	1.000000
