5.000000	12.50	0.914738	355.801540	1.000000	-20.166366	1.000000	6.118996	1.000000	27.653227	1.000000
10.000000	12.50	0.914738	20.666325	1.000000	-2.172547	1.000000	1.624798	1.000000	27.648780	1.000000
15.000000	12.50	0.914738	2.663722	1.000000	-0.392198	1.000000	0.750697	1.000000	27.652468	1.000000
20.000000	12.50	0.914738	0.431349	1.000000	-0.105079	1.000000	0.358459	1.000000	27.638939	1.000000
25.000000	12.50	0.914738	0.261335	1.000000	-0.058945	1.000000	0.278061	1.000000	27.633674	1.000000
30.000000	12.50	0.914738	0.113814	1.000000	-0.044181	1.000000	0.165143	1.000000	27.641877	1.000000
35.000000	12.50	0.914738	0.040293	1.000000	0.001165	1.000000	0.123131	1.000000	27.633314	1.000000
40.000000	12.50	0.914738	0.003092	1.000000	-0.002568	1.000000	0.035130	1.000000	27.687734	1.000000
45.000000	12.50	0.914738	0.003092	1.000000	-0.002568	1.000000	0.035130	1.000000	27.687734	1.000000
50.000000	12.50	0.914738	0.003092	1.000000	-0.002568	1.000000	0.035130	1.000000	27.687734	1.000000
55.000000	12.50	0.914738	0.000168	1.000000	0.000198	1.000000	0.009459	1.000000	27.659190	1.000000
60.000000	12.50	0.914738	0.000168	1.000000	0.000198	1.000000	0.009459	1.000000	27.659190	1.000000
