5.000000	9.75	0.712983	2402.729222	1.000000	-157.787904	1.000000	21.928669	1.000000	16.328217	1.000000
10.000000	9.75	0.712983	522.484596	1.000000	-44.464906	1.000000	9.573661	1.000000	16.306768	1.000000
15.000000	9.75	0.712983	127.458012	1.000000	-14.260073	1.000000	4.958005	1.000000	16.339447	1.000000
20.000000	9.75	0.712983	34.908951	1.000000	-4.328286	1.000000	2.682115	1.000000	16.309999	1.000000
25.000000	9.75	0.712983	33.159279	1.000000	-4.447690	1.000000	2.415624	1.000000	16.261689	1.000000
30.000000	9.75	0.712983	5.683778	1.000000	-0.963460	1.000000	1.377706	1.000000	16.303175	1.000000
35.000000	9.75	0.712983	1.611441	1.000000	-0.070848	1.000000	0.807467	1.000000	16.307487	1.000000
40.000000	9.75	0.712983	0.259128	1.000000	-0.079203	1.000000	0.336274	1.000000	16.280636	1.000000
45.000000	9.75	0.712983	0.259128	1.000000	-0.079203	1.000000	0.336274	1.000000	16.280636	1.000000
50.000000	9.75	0.712983	0.259128	1.000000	-0.079203	1.000000	0.336274	1.000000	16.280636	1.000000
55.000000	9.75	0.712983	0.020946	1.000000	-0.023370	1.000000	0.105145	1.000000	16.241505	1.000000
60.000000	9.75	0.712983	0.020946	1.000000	-0.023370	1.000000	0.105145	1.000000	16.241505	1.000000
