5.000000	11.75	0.881875	720.554266	1.000000	-44.134583	1.000000	7.482399	1.000000	25.110535	1.000000
10.000000	11.75	0.881875	49.773549	1.000000	-5.584804	1.000000	2.041109	1.000000	25.103959	1.000000
15.000000	11.75	0.881875	8.241272	1.000000	-1.326024	1.000000	0.914808	1.000000	25.114468	1.000000
20.000000	11.75	0.881875	1.057072	1.000000	-0.306729	1.000000	0.446878	1.000000	25.093645	1.000000
25.000000	11.75	0.881875	1.157586	1.000000	-0.343983	1.000000	0.382324	1.000000	25.079841	1.000000
30.000000	11.75	0.881875	0.134116	1.000000	-0.065366	1.000000	0.201553	1.000000	25.095994	1.000000
35.000000	11.75	0.881875	0.058071	1.000000	-0.014390	1.000000	0.148869	1.000000	25.088104	1.000000
40.000000	11.75	0.881875	0.006503	1.000000	-0.005171	1.000000	0.052327	1.000000	25.129866	1.000000
45.000000	11.75	0.881875	0.006503	1.000000	-0.005171	1.000000	0.052327	1.000000	25.129866	1.000000
50.000000	11.75	0.881875	0.006503	1.000000	-0.005171	1.000000	0.052327	1.000000	25.129866	1.000000
55.000000	11.75	0.881875	0.000371	1.000000	-0.000708	1.000000	0.010899	1.000000	25.093161	1.000000
60.000000	11.75	0.881875	0.000371	1.000000	-0.000708	1.000000	0.010899	1.000000	25.093161	1.000000
