5.000000	7.25	0.075336	430.803480	1.000000	47.785887	1.000000	6.776584	1.000000	1.037934	1.000000
10.000000	7.25	0.075336	185.710972	1.000000	24.800417	1.000000	4.676488	1.000000	1.041434	1.000000
15.000000	7.25	0.075336	81.844033	1.000000	12.893304	1.000000	3.224015	1.000000	1.034818	1.000000
20.000000	7.25	0.075336	29.612998	1.000000	5.742156	1.000000	2.136608	1.000000	1.053745	1.000000
25.000000	7.25	0.075336	13.348656	1.000000	3.038461	1.000000	1.562153	1.000000	1.039705	1.000000
30.000000	7.25	0.075336	10.490614	1.000000	2.460325	1.000000	1.294436	1.000000	1.053596	1.000000
35.000000	7.25	0.075336	2.429431	1.000000	0.750417	1.000000	0.634919	1.000000	1.047911	1.000000
40.000000	7.25	0.075336	0.172508	1.000000	0.086026	1.000000	0.219848	1.000000	1.022788	1.000000
45.000000	7.25	0.075336	0.172508	1.000000	0.086026	1.000000	0.219848	1.000000	1.022788	1.000000
50.000000	7.25	0.075336	0.172508	1.000000	0.086026	1.000000	0.219848	1.000000	1.022788	1.000000
55.000000	7.25	0.075336	0.007722	1.000000	-0.002341	1.000000	0.066860	1.000000	0.966045	1.000000
60.000000	7.25	0.075336	0.007722	1.000000	-0.002341	1.000000	0.066860	1.000000	0.966045	1.000000
