5.000000	7.50	0.137499	745.483511	1.000000	78.005025	1.000000	12.847785	1.000000	2.023487	1.000000
10.000000	7.50	0.137499	324.417541	1.000000	39.028706	1.000000	8.753095	1.000000	2.023773	1.000000
15.000000	7.50	0.137499	147.433666	1.000000	19.881185	1.000000	6.157514	1.000000	2.028344	1.000000
20.000000	7.50	0.137499	61.943089	1.000000	9.264934	1.000000	4.149524	1.000000	2.034538	1.000000
25.000000	7.50	0.137499	32.413025	1.000000	5.054564	1.000000	3.145938	1.000000	2.013236	1.000000
30.000000	7.50	0.137499	23.275106	1.000000	3.901037	1.000000	2.431799	1.000000	2.049632	1.000000
35.000000	7.50	0.137499	6.100847	1.000000	1.330212	1.000000	1.267923	1.000000	2.021724	1.000000
40.000000	7.50	0.137499	0.660254	1.000000	0.142166	1.000000	0.468858	1.000000	1.988598	1.000000
45.000000	7.50	0.137499	0.660254	1.000000	0.142166	1.000000	0.468858	1.000000	1.988598	1.000000
50.000000	7.50	0.137499	0.660254	1.000000	0.142166	1.000000	0.468858	1.000000	1.988598	1.000000
55.000000	7.50	0.137499	0.028265	1.000000	-0.012511	1.000000	0.130561	1.000000	1.940787	1.000000
60.000000	7.50	0.137499	0.028265	1.000000	-0.012511	1.000000	0.130561	1.000000	1.940787	1.000000
