5.000000	13.75	0.951290	207.616182	1.000000	-8.834587	1.000000	7.360146	1.000000	31.246644	1.000000
10.000000	13.75	0.951290	19.758014	1.000000	-1.727776	1.000000	2.424207	1.000000	31.241624	1.000000
15.000000	13.75	0.951290	5.303963	1.000000	-0.640764	1.000000	1.272017	1.000000	31.240539	1.000000
20.000000	13.75	0.951290	1.391579	1.000000	-0.281057	1.000000	0.648979	1.000000	31.235899	1.000000
25.000000	13.75	0.951290	0.732542	1.000000	-0.095102	1.000000	0.497841	1.000000	31.243921	1.000000
30.000000	13.75	0.951290	0.471485	1.000000	-0.140093	1.000000	0.332445	1.000000	31.236960	1.000000
35.000000	13.75	0.951290	0.103775	1.000000	-0.024605	1.000000	0.204110	1.000000	31.229701	1.000000
40.000000	13.75	0.951290	0.008196	1.000000	-0.008352	1.000000	0.052513	1.000000	31.298157	1.000000
45.000000	13.75	0.951290	0.008196	1.000000	-0.008352	1.000000	0.052513	1.000000	31.298157	1.000000
50.000000	13.75	0.951290	0.008196	1.000000	-0.008352	1.000000	0.052513	1.000000	31.298157	1.000000
55.000000	13.75	0.951290	0.001092	1.000000	-0.000808	1.000000	0.024248	1.000000	31.283459	1.000000
60.000000	13.75	0.951290	0.001092	1.000000	-0.000808	1.000000	0.024248	1.000000	31.283459	1.000000
