5.000000	7.75	0.217412	1001.909776	1.000000	89.641535	1.000000	20.027155	1.000000	3.410968	1.000000
10.000000	7.75	0.217412	437.843116	1.000000	40.519273	1.000000	13.321927	1.000000	3.411400	1.000000
15.000000	7.75	0.217412	208.720148	1.000000	18.663559	1.000000	9.386043	1.000000	3.427958	1.000000
20.000000	7.75	0.217412	94.118114	1.000000	8.625526	1.000000	6.122942	1.000000	3.418884	1.000000
25.000000	7.75	0.217412	58.739673	1.000000	4.324990	1.000000	4.876002	1.000000	3.391041	1.000000
30.000000	7.75	0.217412	37.968607	1.000000	3.643892	1.000000	3.548188	1.000000	3.435874	1.000000
35.000000	7.75	0.217412	12.172810	1.000000	1.961349	1.000000	2.014751	1.000000	3.405796	1.000000
40.000000	7.75	0.217412	1.487469	1.000000	0.117578	1.000000	0.760173	1.000000	3.349576	1.000000
45.000000	7.75	0.217412	1.487469	1.000000	0.117578	1.000000	0.760173	1.000000	3.349576	1.000000
50.000000	7.75	0.217412	1.487469	1.000000	0.117578	1.000000	0.760173	1.000000	3.349576	1.000000
55.000000	7.75	0.217412	0.079908	1.000000	-0.032711	1.000000	0.211975	1.000000	3.302663	1.000000
60.000000	7.75	0.217412	0.079908	1.000000	-0.032711	1.000000	0.211975	1.000000	3.302663	1.000000
