5.000000	14.25	0.961573	240.191488	1.000000	-8.260590	1.000000	8.645420	1.000000	32.502591	1.000000
10.000000	14.25	0.961573	29.780689	1.000000	-2.210866	1.000000	3.049426	1.000000	32.498264	1.000000
15.000000	14.25	0.961573	8.436797	1.000000	-0.900599	1.000000	1.638174	1.000000	32.495267	1.000000
20.000000	14.25	0.961573	2.352791	1.000000	-0.389061	1.000000	0.849094	1.000000	32.494447	1.000000
25.000000	14.25	0.961573	1.282034	1.000000	-0.136617	1.000000	0.667083	1.000000	32.507130	1.000000
30.000000	14.25	0.961573	0.789934	1.000000	-0.194048	1.000000	0.442860	1.000000	32.494205	1.000000
35.000000	14.25	0.961573	0.173164	1.000000	-0.048102	1.000000	0.261598	1.000000	32.486798	1.000000
40.000000	14.25	0.961573	0.012930	1.000000	-0.010796	1.000000	0.069637	1.000000	32.560834	1.000000
45.000000	14.25	0.961573	0.012930	1.000000	-0.010796	1.000000	0.069637	1.000000	32.560834	1.000000
50.000000	14.25	0.961573	0.012930	1.000000	-0.010796	1.000000	0.069637	1.000000	32.560834	1.000000
55.000000	14.25	0.961573	0.001980	1.000000	-0.001213	1.000000	0.034180	1.000000	32.550027	1.000000
60.000000	14.25	0.961573	0.001980	1.000000	-0.001213	1.000000	0.034180	1.000000	32.550027	1.000000
