5.000000	13.50	0.945500	207.565800	1.000000	-9.553938	1.000000	6.886101	1.000000	30.600156	1.000000
10.000000	13.50	0.945500	16.482195	1.000000	-1.550595	1.000000	2.174547	1.000000	30.593601	1.000000
15.000000	13.50	0.945500	4.158662	1.000000	-0.517744	1.000000	1.120278	1.000000	30.594519	1.000000
20.000000	13.50	0.945500	1.061477	1.000000	-0.227993	1.000000	0.565785	1.000000	30.587797	1.000000
25.000000	13.50	0.945500	0.554922	1.000000	-0.073597	1.000000	0.430586	1.000000	30.593449	1.000000
30.000000	13.50	0.945500	0.366973	1.000000	-0.118077	1.000000	0.287183	1.000000	30.589851	1.000000
35.000000	13.50	0.945500	0.079771	1.000000	-0.015426	1.000000	0.179926	1.000000	30.581593	1.000000
40.000000	13.50	0.945500	0.006541	1.000000	-0.006907	1.000000	0.046012	1.000000	30.648380	1.000000
45.000000	13.50	0.945500	0.006541	1.000000	-0.006907	1.000000	0.046012	1.000000	30.648380	1.000000
50.000000	13.50	0.945500	0.006541	1.000000	-0.006907	1.000000	0.046012	1.000000	30.648380	1.000000
55.000000	13.50	0.945500	0.000791	1.000000	-0.000561	1.000000	0.020148	1.000000	30.630099	1.000000
60.000000	13.50	0.945500	0.000791	1.000000	-0.000561	1.000000	0.020148	1.000000	30.630099	1.000000
