5.000000	14.75	0.969239	292.602106	1.000000	-7.587078	1.000000	9.959073	1.000000	33.561531	1.000000
10.000000	14.75	0.969239	41.412650	1.000000	-2.520690	1.000000	3.681271	1.000000	33.559016	1.000000
15.000000	14.75	0.969239	12.135677	1.000000	-1.060978	1.000000	2.004955	1.000000	33.553956	1.000000
20.000000	14.75	0.969239	3.556101	1.000000	-0.459285	1.000000	1.050683	1.000000	33.555867	1.000000
25.000000	14.75	0.969239	1.998490	1.000000	-0.149775	1.000000	0.837170	1.000000	33.571633	1.000000
30.000000	14.75	0.969239	1.166631	1.000000	-0.240639	1.000000	0.552004	1.000000	33.554674	1.000000
35.000000	14.75	0.969239	0.262123	1.000000	-0.073015	1.000000	0.319593	1.000000	33.547784	1.000000
40.000000	14.75	0.969239	0.019054	1.000000	-0.012437	1.000000	0.087415	1.000000	33.624974	1.000000
45.000000	14.75	0.969239	0.019054	1.000000	-0.012437	1.000000	0.087415	1.000000	33.624974	1.000000
50.000000	14.75	0.969239	0.019054	1.000000	-0.012437	1.000000	0.087415	1.000000	33.624974	1.000000
55.000000	14.75	0.969239	0.003109	1.000000	-0.001430	1.000000	0.043687	1.000000	33.619208	1.000000
60.000000	14.75	0.969239	0.003109	1.000000	-0.001430	1.000000	0.043687	1.000000	33.619208	1.000000
