5.000000	14.50	0.965853	267.521500	1.000000	-7.995801	1.000000	9.355835	1.000000	33.074491	1.000000
10.000000	14.50	0.965853	35.839292	1.000000	-2.417654	1.000000	3.388161	1.000000	33.071605	1.000000
15.000000	14.50	0.965853	10.336770	1.000000	-1.001306	1.000000	1.834587	1.000000	33.066963	1.000000
20.000000	14.50	0.965853	2.970047	1.000000	-0.434082	1.000000	0.957031	1.000000	33.067745	1.000000
25.000000	14.50	0.965853	1.640182	1.000000	-0.147034	1.000000	0.758176	1.000000	33.081752	1.000000
30.000000	14.50	0.965853	0.980526	1.000000	-0.219897	1.000000	0.499910	1.000000	33.066782	1.000000
35.000000	14.50	0.965853	0.217399	1.000000	-0.060528	1.000000	0.292933	1.000000	33.060138	1.000000
40.000000	14.50	0.965853	0.015865	1.000000	-0.011741	1.000000	0.078680	1.000000	33.135673	1.000000
45.000000	14.50	0.965853	0.015865	1.000000	-0.011741	1.000000	0.078680	1.000000	33.135673	1.000000
50.000000	14.50	0.965853	0.015865	1.000000	-0.011741	1.000000	0.078680	1.000000	33.135673	1.000000
55.000000	14.50	0.965853	0.002547	1.000000	-0.001377	1.000000	0.039130	1.000000	33.127449	1.000000
60.000000	14.50	0.965853	0.002547	1.000000	-0.001377	1.000000	0.039130	1.000000	33.127449	1.000000
