5.000000	13.25	0.939271	222.404022	1.000000	-10.817191	1.000000	6.541826	1.000000	29.944714	1.000000
10.000000	13.25	0.939271	14.748430	1.000000	-1.461364	1.000000	1.975605	1.000000	29.939135	1.000000
15.000000	13.25	0.939271	3.286228	1.000000	-0.413726	1.000000	0.994118	1.000000	29.940097	1.000000
20.000000	13.25	0.939271	0.814114	1.000000	-0.180638	1.000000	0.495513	1.000000	29.931675	1.000000
25.000000	13.25	0.939271	0.411818	1.000000	-0.051155	1.000000	0.372840	1.000000	29.935397	1.000000
30.000000	13.25	0.939271	0.275230	1.000000	-0.093974	1.000000	0.246434	1.000000	29.934334	1.000000
35.000000	13.25	0.939271	0.063479	1.000000	-0.007518	1.000000	0.160601	1.000000	29.926015	1.000000
40.000000	13.25	0.939271	0.005171	1.000000	-0.005330	1.000000	0.040577	1.000000	29.990054	1.000000
45.000000	13.25	0.939271	0.005171	1.000000	-0.005330	1.000000	0.040577	1.000000	29.990054	1.000000
50.000000	13.25	0.939271	0.005171	1.000000	-0.005330	1.000000	0.040577	1.000000	29.990054	1.000000
55.000000	13.25	0.939271	0.000581	1.000000	-0.000360	1.000000	0.016910	1.000000	29.969275	1.000000
60.000000	13.25	0.939271	0.000581	1.000000	-0.000360	1.000000	0.016910	1.000000	29.969275	1.000000
