5.000000	10.25	0.771630	2095.904937	1.000000	-135.162500	1.000000	16.908763	1.000000	18.860564	1.000000
10.000000	10.25	0.771630	341.610712	1.000000	-31.475261	1.000000	6.623369	1.000000	18.843048	1.000000
15.000000	10.25	0.771630	77.309327	1.000000	-9.630419	1.000000	3.320258	1.000000	18.869800	1.000000
20.000000	10.25	0.771630	15.931383	1.000000	-2.611788	1.000000	1.753781	1.000000	18.844125	1.000000
25.000000	10.25	0.771630	16.731298	1.000000	-2.763909	1.000000	1.590142	1.000000	18.798702	1.000000
30.000000	10.25	0.771630	2.426388	1.000000	-0.602809	1.000000	0.898279	1.000000	18.832381	1.000000
35.000000	10.25	0.771630	0.666337	1.000000	-0.083672	1.000000	0.532968	1.000000	18.836395	1.000000
40.000000	10.25	0.771630	0.111622	1.000000	-0.045003	1.000000	0.218155	1.000000	18.832986	1.000000
45.000000	10.25	0.771630	0.111622	1.000000	-0.045003	1.000000	0.218155	1.000000	18.832986	1.000000
50.000000	10.25	0.771630	0.111622	1.000000	-0.045003	1.000000	0.218155	1.000000	18.832986	1.000000
55.000000	10.25	0.771630	0.008698	1.000000	-0.013044	1.000000	0.063690	1.000000	18.785319	1.000000
60.000000	10.25	0.771630	0.008698	1.000000	-0.013044	1.000000	0.063690	1.000000	18.785319	1.000000
