5.000000	6.25	0.001393	2.459535	1.000000	0.375808	1.000000	0.064286	1.000000	0.013890	1.000000
10.000000	6.25	0.001393	0.883336	1.000000	0.164478	1.000000	0.038140	1.000000	0.013462	1.000000
15.000000	6.25	0.001393	0.069341	1.000000	0.030649	1.000000	0.016800	1.000000	0.013547	1.000000
20.000000	6.25	0.001393	0.035335	1.000000	0.020533	1.000000	0.013788	1.000000	0.013713	1.000000
25.000000	6.25	0.001393	0.009416	1.000000	0.009041	1.000000	0.009889	1.000000	0.015000	1.000000
30.000000	6.25	0.001393	0.003606	1.000000	0.004512	1.000000	0.006115	1.000000	0.011085	1.000000
35.000000	6.25	0.001393	0.000234	1.000000	0.000797	1.000000	0.002982	1.000000	0.013271	1.000000
40.000000	6.25	0.001393	0.000004	1.000000	0.000041	1.000000	0.000579	1.000000	0.009634	1.000000
45.000000	6.25	0.001393	0.000004	1.000000	0.000041	1.000000	0.000579	1.000000	0.009634	1.000000
50.000000	6.25	0.001393	0.000004	1.000000	0.000041	1.000000	0.000579	1.000000	0.009634	1.000000
55.000000	6.25	0.001393	0.000000	1.000000	0.000002	1.000000	0.000120	1.000000	0.007637	1.000000
60.000000	6.25	0.001393	0.000000	1.000000	0.000002	1.000000	0.000120	1.000000	0.007637	1.000000
