5.000000	8.00	0.305973	1180.641322	1.000000	65.120757	1.000000	26.414311	1.000000	5.103842	1.000000
10.000000	8.00	0.305973	528.680013	1.000000	22.042192	1.000000	16.896554	1.000000	5.103488	1.000000
15.000000	8.00	0.305973	267.414000	1.000000	6.337302	1.000000	11.689828	1.000000	5.120815	1.000000
20.000000	8.00	0.305973	116.080851	1.000000	4.060309	1.000000	7.208007	1.000000	5.100718	1.000000
25.000000	8.00	0.305973	81.920413	1.000000	0.092549	1.000000	6.011528	1.000000	5.079792	1.000000
30.000000	8.00	0.305973	46.365070	1.000000	1.361983	1.000000	4.121253	1.000000	5.132811	1.000000
35.000000	8.00	0.305973	17.300949	1.000000	1.725344	1.000000	2.526758	1.000000	5.090936	1.000000
40.000000	8.00	0.305973	1.863651	1.000000	0.019632	1.000000	0.894379	1.000000	5.026309	1.000000
45.000000	8.00	0.305973	1.863651	1.000000	0.019632	1.000000	0.894379	1.000000	5.026309	1.000000
50.000000	8.00	0.305973	1.863651	1.000000	0.019632	1.000000	0.894379	1.000000	5.026309	1.000000
55.000000	8.00	0.305973	0.150075	1.000000	-0.079876	1.000000	0.295546	1.000000	4.950695	1.000000
60.000000	8.00	0.305973	0.150075	1.000000	-0.079876	1.000000	0.295546	1.000000	4.950695	1.000000
