4.75	-0.78086	-0.18189	-1.2746	-2.6513	-2.8953	-4.2564
5.25	-0.78086	-0.18189	-1.2746	-2.6513	-2.8953	-4.2564
5.25	-0.58	-0.052696	-1.078	-2.4601	-2.7057	-4.0835
5.75	-0.58	-0.052696	-1.078	-2.4601	-2.7057	-4.0835
5.75	-0.37915	0.076495	-0.88147	-2.2689	-2.5162	-3.9106
6.25	-0.37915	0.076495	-0.88147	-2.2689	-2.5162	-3.9106
6.25	-0.17829	0.20286	-0.66806	-2.0776	-2.3266	-3.7377
6.75	-0.17829	0.20286	-0.66806	-2.0776	-2.3266	-3.7377
6.75	0.022564	0.32924	-0.45464	-1.8864	-2.137	-3.5648
7.25	0.022564	0.32924	-0.45464	-1.8864	-2.137	-3.5648
7.25	0.22342	0.46515	-0.30181	-1.6952	-1.9475	-3.392
7.75	0.22342	0.46515	-0.30181	-1.6952	-1.9475	-3.392
7.75	0.42428	0.60107	-0.14897	-1.504	-1.7579	-3.2191
8.25	0.42428	0.60107	-0.14897	-1.504	-1.7579	-3.2191
8.25	0.58454	0.74248	0.044799	-1.3303	-1.5838	-3.0462
8.75	0.58454	0.74248	0.044799	-1.3303	-1.5838	-3.0462
8.75	0.74481	0.88389	0.23857	-1.1566	-1.4097	-2.8733
9.25	0.74481	0.88389	0.23857	-1.1566	-1.4097	-2.8733
9.25	0.90508	0.94212	0.34875	-0.98295	-1.2355	-2.7004
9.75	0.90508	0.94212	0.34875	-0.98295	-1.2355	-2.7004
9.75	1.0653	1.0003	0.45892	-0.80927	-1.0614	-2.5275
10.25	1.0653	1.0003	0.45892	-0.80927	-1.0614	-2.5275
10.25	1.2256	1.1382	0.68286	-0.63559	-0.88727	-2.4009
10.75	1.2256	1.1382	0.68286	-0.63559	-0.88727	-2.4009
10.75	1.3859	1.2761	0.90679	-0.46192	-0.71314	-2.2743
11.25	1.3859	1.2761	0.90679	-0.46192	-0.71314	-2.2743
11.25	1.3859	1.2761	5	-0.46192	-0.71314	-2.2743
11.25	1.5179	1.3516	5	-0.31604	-0.56583	-2.1477
11.75	1.5179	1.3516	5	-0.31604	-0.56583	-2.1477
11.75	1.65	1.4272	5	-0.17016	-0.41852	-2.0211
12.25	1.65	1.4272	5	-0.17016	-0.41852	-2.0211
12.25	1.782	1.5004	5	-0.024283	-0.2712	-1.8945
12.75	1.782	1.5004	5	-0.024283	-0.2712	-1.8945
12.75	1.9141	1.5736	5	0.12159	-0.12389	-1.7679
13.25	1.9141	1.5736	5	0.12159	-0.12389	-1.7679
13.25	1.9141	5	5	0.12159	-0.12389	-1.7679
13.25	2.0461	5	5	0.26747	0.023419	-1.6413
13.75	2.0461	5	5	0.26747	0.023419	-1.6413
13.75	2.1781	5	5	0.41335	0.17073	-1.5148
14.25	2.1781	5	5	0.41335	0.17073	-1.5148
14.25	2.2658	5	5	0.49122	0.24576	-1.3882
14.75	2.2658	5	5	0.49122	0.24576	-1.3882
14.75	2.3535	5	5	0.56908	0.32079	-1.2616
15.25	2.3535	5	5	0.56908	0.32079	-1.2616
15.25	2.4412	5	5	0.64695	0.39582	-1.1682
15.75	2.4412	5	5	0.64695	0.39582	-1.1682
15.75	2.5289	5	5	0.72481	0.47085	-1.0749
16.25	2.5289	5	5	0.72481	0.47085	-1.0749
16.25	2.6166	5	5	0.80268	0.54588	-0.98155
16.75	2.6166	5	5	0.80268	0.54588	-0.98155
16.75	2.7043	5	2.8772	0.88054	0.62091	-0.88822
16.75	5	5	2.8772	0.88054	0.62091	-0.88822
17.25	5	5	2.8772	0.88054	0.62091	-0.88822
17.25	5	5	2.9415	0.95554	0.69235	-0.79488
17.75	5	5	2.9415	0.95554	0.69235	-0.79488
17.75	5	5	3.0057	0.95554	0.69235	-0.79488
17.75	5	5	3.0057	1.0305	0.76379	-0.70154
18.25	5	5	3.0057	1.0305	0.76379	-0.70154
18.25	5	5	3.0767	1.1055	0.83524	-0.60821
18.75	5	5	3.0767	1.1055	0.83524	-0.60821
18.75	5	5	3.1477	1.1805	0.90668	-0.51487
19.25	5	5	3.1477	1.1805	0.90668	-0.51487
19.25	5	5	3.2138	1.2555	0.97812	-0.42153
19.75	5	5	3.2138	1.2555	0.97812	-0.42153
19.75	5	5	3.2799	1.3305	1.0496	-0.3282
20.25	5	5	3.2799	1.3305	1.0496	-0.3282
20.25	5	5	3.3496	5	5	5
20.75	5	5	3.3496	5	5	5
20.75	5	5	3.4193	5	5	5
21.25	5	5	3.4193	5	5	5
21.25	5	5	3.474	5	5	5
21.75	5	5	3.474	5	5	5
21.75	5	5	3.5287	5	5	5
22.25	5	5	3.5287	5	5	5
22.25	5	5	5	5	5	5
22.75	5	5	5	5	5	5
22.75	5	5	5	5	5	5
23.25	5	5	5	5	5	5
23.25	5	5	5	5	5	5
23.75	5	5	5	5	5	5
23.75	5	5	5	5	5	5
24.25	5	5	5	5	5	5
24.25	5	5	5	5	5	5
24.75	5	5	5	5	5	5
24.75	5	5	5	5	5	5
25.25	5	5	5	5	5	5
25.25	5	5	5	5	5	5
25.75	5	5	5	5	5	5
25.75	5	5	5	5	5	5
26.25	5	5	5	5	5	5
26.25	5	5	5	5	5	5
26.75	5	5	5	5	5	5
26.75	5	5	5	5	5	5
27.25	5	5	5	5	5	5
27.25	5	5	5	5	5	5
27.75	5	5	5	5	5	5
27.75	5	5	5	5	5	5
28.25	5	5	5	5	5	5
28.25	5	5	5	5	5	5
28.75	5	5	5	5	5	5
28.75	5	5	5	5	5	5
29.25	5	5	5	5	5	5
29.25	5	5	5	5	5	5
29.75	5	5	5	5	5	5
29.75	5	5	5	5	5	5
30.25	5	5	5	5	5	5
30.25	5	5	5	5	5	5
30.75	5	5	5	5	5	5
30.75	5	5	5	5	5	5
31.25	5	5	5	5	5	5
31.25	5	5	5	5	5	5
31.75	5	5	5	5	5	5
31.75	5	5	5	5	5	5
32.25	5	5	5	5	5	5
32.25	5	5	5	5	5	5
32.75	5	5	5	5	5	5
32.75	5	5	5	5	5	5
33.25	5	5	5	5	5	5
33.25	5	5	5	5	5	5
33.75	5	5	5	5	5	5
33.75	5	5	5	5	5	5
34.25	5	5	5	5	5	5
34.25	5	5	5	5	5	5
34.75	5	5	5	5	5	5
