5.000000	9.25	0.634701	24712.459634	1.000000	373.985493	1.000000	85.356172	1.000000	26.273000	1.000000
10.000000	9.25	0.634701	3742.354619	1.000000	48.978923	1.000000	34.498167	1.000000	26.270017	1.000000
15.000000	9.25	0.634701	1132.809695	1.000000	13.269952	1.000000	18.894511	1.000000	26.232611	1.000000
20.000000	9.25	0.634701	345.051942	1.000000	0.592759	1.000000	10.038445	1.000000	26.277431	1.000000
25.000000	9.25	0.634701	238.832810	1.000000	5.883575	1.000000	8.346212	1.000000	26.352552	1.000000
30.000000	9.25	0.634701	93.262935	1.000000	-3.277720	1.000000	5.302707	1.000000	26.270427	1.000000
35.000000	9.25	0.634701	23.564500	1.000000	-2.067825	1.000000	2.927417	1.000000	26.267429	1.000000
40.000000	9.25	0.634701	1.938713	1.000000	-0.022521	1.000000	0.948706	1.000000	26.413599	1.000000
45.000000	9.25	0.634701	1.938713	1.000000	-0.022521	1.000000	0.948706	1.000000	26.413599	1.000000
50.000000	9.25	0.634701	1.938713	1.000000	-0.022521	1.000000	0.948706	1.000000	26.413599	1.000000
55.000000	9.25	0.634701	0.259431	1.000000	0.043193	1.000000	0.417663	1.000000	26.461536	1.000000
60.000000	9.25	0.634701	0.259431	1.000000	0.043193	1.000000	0.417663	1.000000	26.461536	1.000000
