5.000000	9.00	0.586335	27298.035255	1.000000	434.171429	1.000000	89.392655	1.000000	25.139227	1.000000
10.000000	9.00	0.586335	4103.476851	1.000000	57.951551	1.000000	36.098026	1.000000	25.137482	1.000000
15.000000	9.00	0.586335	1239.134387	1.000000	16.026765	1.000000	19.753795	1.000000	25.098466	1.000000
20.000000	9.00	0.586335	377.021744	1.000000	1.129028	1.000000	10.490835	1.000000	25.143441	1.000000
25.000000	9.00	0.586335	262.181537	1.000000	6.600189	1.000000	8.735943	1.000000	25.220887	1.000000
30.000000	9.00	0.586335	100.635488	1.000000	-3.275434	1.000000	5.535473	1.000000	25.137894	1.000000
35.000000	9.00	0.586335	25.769443	1.000000	-2.176285	1.000000	3.062508	1.000000	25.134021	1.000000
40.000000	9.00	0.586335	2.131645	1.000000	-0.019339	1.000000	0.995735	1.000000	25.282323	1.000000
45.000000	9.00	0.586335	2.131645	1.000000	-0.019339	1.000000	0.995735	1.000000	25.282323	1.000000
50.000000	9.00	0.586335	2.131645	1.000000	-0.019339	1.000000	0.995735	1.000000	25.282323	1.000000
55.000000	9.00	0.586335	0.284692	1.000000	0.047994	1.000000	0.437012	1.000000	25.330451	1.000000
60.000000	9.00	0.586335	0.284692	1.000000	0.047994	1.000000	0.437012	1.000000	25.330451	1.000000
