5.000000	11.75	0.881875	9741.783463	1.000000	150.984262	1.000000	52.733837	1.000000	32.587504	1.000000
10.000000	11.75	0.881875	1468.644356	1.000000	18.613414	1.000000	21.332790	1.000000	32.579722	1.000000
15.000000	11.75	0.881875	445.695882	1.000000	4.855935	1.000000	11.709186	1.000000	32.553252	1.000000
20.000000	11.75	0.881875	134.646538	1.000000	-0.204984	1.000000	6.233698	1.000000	32.587671	1.000000
25.000000	11.75	0.881875	94.275584	1.000000	2.743368	1.000000	5.183851	1.000000	32.645400	1.000000
30.000000	11.75	0.881875	37.138356	1.000000	-1.834544	1.000000	3.296237	1.000000	32.580613	1.000000
35.000000	11.75	0.881875	8.932088	1.000000	-1.005375	1.000000	1.808561	1.000000	32.580139	1.000000
40.000000	11.75	0.881875	0.714114	1.000000	-0.020302	1.000000	0.573106	1.000000	32.697583	1.000000
45.000000	11.75	0.881875	0.714114	1.000000	-0.020302	1.000000	0.573106	1.000000	32.697583	1.000000
50.000000	11.75	0.881875	0.714114	1.000000	-0.020302	1.000000	0.573106	1.000000	32.697583	1.000000
55.000000	11.75	0.881875	0.098233	1.000000	0.016328	1.000000	0.258802	1.000000	32.739796	1.000000
60.000000	11.75	0.881875	0.098233	1.000000	0.016328	1.000000	0.258802	1.000000	32.739796	1.000000
