5.000000	11.50	0.869820	10536.796143	1.000000	159.635639	1.000000	54.940085	1.000000	32.182671	1.000000
10.000000	11.50	0.869820	1591.514415	1.000000	19.642847	1.000000	22.227970	1.000000	32.175397	1.000000
15.000000	11.50	0.869820	483.478063	1.000000	5.133851	1.000000	12.206268	1.000000	32.147760	1.000000
20.000000	11.50	0.869820	145.847583	1.000000	-0.227513	1.000000	6.494795	1.000000	32.183142	1.000000
25.000000	11.50	0.869820	101.937733	1.000000	2.895664	1.000000	5.398892	1.000000	32.242565	1.000000
30.000000	11.50	0.869820	40.337927	1.000000	-1.958769	1.000000	3.435998	1.000000	32.175839	1.000000
35.000000	11.50	0.869820	9.731568	1.000000	-1.077186	1.000000	1.886676	1.000000	32.175313	1.000000
40.000000	11.50	0.869820	0.778046	1.000000	-0.021435	1.000000	0.598655	1.000000	32.295034	1.000000
45.000000	11.50	0.869820	0.778046	1.000000	-0.021435	1.000000	0.598655	1.000000	32.295034	1.000000
50.000000	11.50	0.869820	0.778046	1.000000	-0.021435	1.000000	0.598655	1.000000	32.295034	1.000000
55.000000	11.50	0.869820	0.106640	1.000000	0.017630	1.000000	0.269593	1.000000	32.337749	1.000000
60.000000	11.50	0.869820	0.106640	1.000000	0.017630	1.000000	0.269593	1.000000	32.337749	1.000000
