5.000000	10.25	0.771630	16642.685976	1.000000	232.576049	1.000000	69.883616	1.000000	29.521175	1.000000
10.000000	10.25	0.771630	2535.716686	1.000000	29.020179	1.000000	28.270108	1.000000	29.514697	1.000000
15.000000	10.25	0.771630	770.753132	1.000000	7.562502	1.000000	15.515393	1.000000	29.482694	1.000000
20.000000	10.25	0.771630	234.215042	1.000000	-0.260768	1.000000	8.246517	1.000000	29.522705	1.000000
25.000000	10.25	0.771630	161.722127	1.000000	4.049361	1.000000	6.846503	1.000000	29.590413	1.000000
30.000000	10.25	0.771630	64.680253	1.000000	-2.765588	1.000000	4.359607	1.000000	29.515618	1.000000
35.000000	10.25	0.771630	15.897111	1.000000	-1.576168	1.000000	2.403574	1.000000	29.514692	1.000000
40.000000	10.25	0.771630	1.288049	1.000000	-0.026901	1.000000	0.771181	1.000000	29.648814	1.000000
45.000000	10.25	0.771630	1.288049	1.000000	-0.026901	1.000000	0.771181	1.000000	29.648814	1.000000
50.000000	10.25	0.771630	1.288049	1.000000	-0.026901	1.000000	0.771181	1.000000	29.648814	1.000000
55.000000	10.25	0.771630	0.173356	1.000000	0.028599	1.000000	0.342380	1.000000	29.694959	1.000000
60.000000	10.25	0.771630	0.173356	1.000000	0.028599	1.000000	0.342380	1.000000	29.694959	1.000000
