5.000000	14.50	0.965853	4455.832968	1.000000	98.666778	1.000000	35.146398	1.000000	36.263248	1.000000
10.000000	14.50	0.965853	662.830466	1.000000	13.091447	1.000000	14.186641	1.000000	36.255851	1.000000
15.000000	14.50	0.965853	200.822413	1.000000	3.643526	1.000000	7.775119	1.000000	36.237311	1.000000
20.000000	14.50	0.965853	60.057644	1.000000	0.140394	1.000000	4.138472	1.000000	36.265387	1.000000
25.000000	14.50	0.965853	43.481688	1.000000	1.745037	1.000000	3.473556	1.000000	36.308482	1.000000
30.000000	14.50	0.965853	15.963825	1.000000	-0.867414	1.000000	2.182231	1.000000	36.257631	1.000000
35.000000	14.50	0.965853	3.773042	1.000000	-0.492030	1.000000	1.190716	1.000000	36.256826	1.000000
40.000000	14.50	0.965853	0.305882	1.000000	-0.005302	1.000000	0.373841	1.000000	36.353731	1.000000
45.000000	14.50	0.965853	0.305882	1.000000	-0.005302	1.000000	0.373841	1.000000	36.353731	1.000000
50.000000	14.50	0.965853	0.305882	1.000000	-0.005302	1.000000	0.373841	1.000000	36.353731	1.000000
55.000000	14.50	0.965853	0.043603	1.000000	0.007413	1.000000	0.173553	1.000000	36.387683	1.000000
60.000000	14.50	0.965853	0.043603	1.000000	0.007413	1.000000	0.173553	1.000000	36.387683	1.000000
