5.000000	8.25	0.391411	34947.374134	1.000000	703.001385	1.000000	96.647537	1.000000	20.185045	1.000000
10.000000	8.25	0.391411	4887.459864	1.000000	100.165465	1.000000	38.719231	1.000000	20.191634	1.000000
15.000000	8.25	0.391411	1437.599851	1.000000	29.118023	1.000000	21.027030	1.000000	20.147467	1.000000
20.000000	8.25	0.391411	433.272507	1.000000	4.633197	1.000000	11.178333	1.000000	20.197064	1.000000
25.000000	8.25	0.391411	309.535784	1.000000	9.566968	1.000000	9.368832	1.000000	20.275904	1.000000
30.000000	8.25	0.391411	107.492848	1.000000	-2.298237	1.000000	5.862890	1.000000	20.192001	1.000000
35.000000	8.25	0.391411	28.869123	1.000000	-2.144539	1.000000	3.250442	1.000000	20.187894	1.000000
40.000000	8.25	0.391411	2.460702	1.000000	0.024552	1.000000	1.071617	1.000000	20.330110	1.000000
45.000000	8.25	0.391411	2.460702	1.000000	0.024552	1.000000	1.071617	1.000000	20.330110	1.000000
50.000000	8.25	0.391411	2.460702	1.000000	0.024552	1.000000	1.071617	1.000000	20.330110	1.000000
55.000000	8.25	0.391411	0.327652	1.000000	0.065608	1.000000	0.467701	1.000000	20.382263	1.000000
60.000000	8.25	0.391411	0.327652	1.000000	0.065608	1.000000	0.467701	1.000000	20.382263	1.000000
