5.000000	6.25	0.001393	156.485995	1.000000	10.221162	1.000000	1.281001	1.000000	0.420447	1.000000
10.000000	6.25	0.001393	2.322826	1.000000	0.619761	1.000000	0.318163	1.000000	0.414345	1.000000
15.000000	6.25	0.001393	0.314165	1.000000	0.144867	1.000000	0.145545	1.000000	0.412115	1.000000
20.000000	6.25	0.001393	0.039827	1.000000	0.032966	1.000000	0.072970	1.000000	0.421671	1.000000
25.000000	6.25	0.001393	0.032692	1.000000	0.027007	1.000000	0.061874	1.000000	0.426482	1.000000
30.000000	6.25	0.001393	0.003229	1.000000	0.004033	1.000000	0.032811	1.000000	0.419949	1.000000
35.000000	6.25	0.001393	0.000852	1.000000	0.001293	1.000000	0.017939	1.000000	0.421121	1.000000
40.000000	6.25	0.001393	0.000119	1.000000	0.000294	1.000000	0.006186	1.000000	0.418285	1.000000
45.000000	6.25	0.001393	0.000119	1.000000	0.000294	1.000000	0.006186	1.000000	0.418285	1.000000
50.000000	6.25	0.001393	0.000119	1.000000	0.000294	1.000000	0.006186	1.000000	0.418285	1.000000
55.000000	6.25	0.001393	0.000012	1.000000	0.000079	1.000000	0.002262	1.000000	0.432318	1.000000
60.000000	6.25	0.001393	0.000012	1.000000	0.000079	1.000000	0.002262	1.000000	0.432318	1.000000
