5.000000	12.00	0.893394	8996.240723	1.000000	143.157255	1.000000	50.590699	1.000000	32.982864	1.000000
10.000000	12.00	0.893394	1354.780697	1.000000	17.751465	1.000000	20.467410	1.000000	32.975280	1.000000
15.000000	12.00	0.893394	410.238900	1.000000	4.649663	1.000000	11.225728	1.000000	32.949640	1.000000
20.000000	12.00	0.893394	124.134044	1.000000	-0.172914	1.000000	5.978601	1.000000	32.983275	1.000000
25.000000	12.00	0.893394	87.111413	1.000000	2.616705	1.000000	4.975064	1.000000	33.039344	1.000000
30.000000	12.00	0.893394	34.112826	1.000000	-1.717802	1.000000	3.158939	1.000000	32.976065	1.000000
35.000000	12.00	0.893394	8.177501	1.000000	-0.938388	1.000000	1.732072	1.000000	32.975835	1.000000
40.000000	12.00	0.893394	0.654233	1.000000	-0.017459	1.000000	0.548380	1.000000	33.090608	1.000000
45.000000	12.00	0.893394	0.654233	1.000000	-0.017459	1.000000	0.548380	1.000000	33.090608	1.000000
50.000000	12.00	0.893394	0.654233	1.000000	-0.017459	1.000000	0.548380	1.000000	33.090608	1.000000
55.000000	12.00	0.893394	0.090335	1.000000	0.015509	1.000000	0.248418	1.000000	33.132548	1.000000
60.000000	12.00	0.893394	0.090335	1.000000	0.015509	1.000000	0.248418	1.000000	33.132548	1.000000
