5.000000	12.75	0.923943	7108.478730	1.000000	125.351042	1.000000	44.709869	1.000000	34.107237	1.000000
10.000000	12.75	0.923943	1064.693773	1.000000	15.785291	1.000000	18.073284	1.000000	34.099335	1.000000
15.000000	12.75	0.923943	322.785552	1.000000	4.261766	1.000000	9.909378	1.000000	34.076026	1.000000
20.000000	12.75	0.923943	96.973336	1.000000	-0.064066	1.000000	5.274388	1.000000	34.107091	1.000000
25.000000	12.75	0.923943	68.821800	1.000000	2.284193	1.000000	4.401527	1.000000	34.159717	1.000000
30.000000	12.75	0.923943	26.396986	1.000000	-1.374784	1.000000	2.785603	1.000000	34.100467	1.000000
35.000000	12.75	0.923943	6.296128	1.000000	-0.756110	1.000000	1.524785	1.000000	34.100389	1.000000
40.000000	12.75	0.923943	0.503691	1.000000	-0.012687	1.000000	0.480329	1.000000	34.208574	1.000000
45.000000	12.75	0.923943	0.503691	1.000000	-0.012687	1.000000	0.480329	1.000000	34.208574	1.000000
50.000000	12.75	0.923943	0.503691	1.000000	-0.012687	1.000000	0.480329	1.000000	34.208574	1.000000
55.000000	12.75	0.923943	0.071148	1.000000	0.012419	1.000000	0.221099	1.000000	34.247935	1.000000
60.000000	12.75	0.923943	0.071148	1.000000	0.012419	1.000000	0.221099	1.000000	34.247935	1.000000
