5.000000	8.50	0.467085	32697.974759	1.000000	597.906039	1.000000	95.783431	1.000000	22.213206	1.000000
10.000000	8.50	0.467085	4744.754026	1.000000	83.409494	1.000000	38.532260	1.000000	22.217032	1.000000
15.000000	8.50	0.467085	1414.135179	1.000000	23.766804	1.000000	20.996070	1.000000	22.175636	1.000000
20.000000	8.50	0.467085	428.072649	1.000000	2.995990	1.000000	11.157758	1.000000	22.222586	1.000000
25.000000	8.50	0.467085	302.168475	1.000000	8.442915	1.000000	9.324059	1.000000	22.302537	1.000000
30.000000	8.50	0.467085	110.060817	1.000000	-2.893195	1.000000	5.869900	1.000000	22.217600	1.000000
35.000000	8.50	0.467085	28.951911	1.000000	-2.257799	1.000000	3.250242	1.000000	22.212998	1.000000
40.000000	8.50	0.467085	2.435866	1.000000	0.002442	1.000000	1.066278	1.000000	22.360547	1.000000
45.000000	8.50	0.467085	2.435866	1.000000	0.002442	1.000000	1.066278	1.000000	22.360547	1.000000
50.000000	8.50	0.467085	2.435866	1.000000	0.002442	1.000000	1.066278	1.000000	22.360547	1.000000
55.000000	8.50	0.467085	0.325751	1.000000	0.059874	1.000000	0.466890	1.000000	22.410708	1.000000
60.000000	8.50	0.467085	0.325751	1.000000	0.059874	1.000000	0.466890	1.000000	22.410708	1.000000
