5.000000	9.50	0.676623	22336.283088	1.000000	325.704115	1.000000	81.243370	1.000000	27.249386	1.000000
10.000000	9.50	0.676623	3396.888015	1.000000	42.011312	1.000000	32.858497	1.000000	27.245833	1.000000
15.000000	9.50	0.676623	1030.239029	1.000000	11.206852	1.000000	18.010946	1.000000	27.209379	1.000000
20.000000	9.50	0.676623	313.453420	1.000000	0.177543	1.000000	9.565494	1.000000	27.253315	1.000000
25.000000	9.50	0.676623	216.334870	1.000000	5.277300	1.000000	7.944061	1.000000	27.326290	1.000000
30.000000	9.50	0.676623	85.497794	1.000000	-3.213574	1.000000	5.053124	1.000000	27.246459	1.000000
35.000000	9.50	0.676623	21.372680	1.000000	-1.945755	1.000000	2.787690	1.000000	27.243687	1.000000
40.000000	9.50	0.676623	1.747801	1.000000	-0.025140	1.000000	0.900786	1.000000	27.387355	1.000000
45.000000	9.50	0.676623	1.747801	1.000000	-0.025140	1.000000	0.900786	1.000000	27.387355	1.000000
50.000000	9.50	0.676623	1.747801	1.000000	-0.025140	1.000000	0.900786	1.000000	27.387355	1.000000
55.000000	9.50	0.676623	0.234339	1.000000	0.038930	1.000000	0.397387	1.000000	27.434100	1.000000
60.000000	9.50	0.676623	0.234339	1.000000	0.038930	1.000000	0.397387	1.000000	27.434100	1.000000
