5.000000	6.75	0.012216	2530.303472	1.000000	113.894146	1.000000	10.119342	1.000000	2.110362	1.000000
10.000000	6.75	0.012216	101.550274	1.000000	11.569702	1.000000	3.213325	1.000000	2.109015	1.000000
15.000000	6.75	0.012216	21.471076	1.000000	3.332203	1.000000	1.607702	1.000000	2.095957	1.000000
20.000000	6.75	0.012216	3.694597	1.000000	0.800737	1.000000	0.831613	1.000000	2.120449	1.000000
25.000000	6.75	0.012216	3.520182	1.000000	0.793192	1.000000	0.732873	1.000000	2.142742	1.000000
30.000000	6.75	0.012216	0.489286	1.000000	0.121480	1.000000	0.411210	1.000000	2.114406	1.000000
35.000000	6.75	0.012216	0.133748	1.000000	0.019785	1.000000	0.228019	1.000000	2.118348	1.000000
40.000000	6.75	0.012216	0.016080	1.000000	0.011028	1.000000	0.077673	1.000000	2.130993	1.000000
45.000000	6.75	0.012216	0.016080	1.000000	0.011028	1.000000	0.077673	1.000000	2.130993	1.000000
50.000000	6.75	0.012216	0.016080	1.000000	0.011028	1.000000	0.077673	1.000000	2.130993	1.000000
55.000000	6.75	0.012216	0.001710	1.000000	0.003137	1.000000	0.030519	1.000000	2.163686	1.000000
60.000000	6.75	0.012216	0.001710	1.000000	0.003137	1.000000	0.030519	1.000000	2.163686	1.000000
