5.000000	14.00	0.956686	5035.686460	1.000000	104.830666	1.000000	37.435027	1.000000	35.693012	1.000000
10.000000	14.00	0.956686	751.720910	1.000000	13.811907	1.000000	15.120722	1.000000	35.685042	1.000000
15.000000	14.00	0.956686	227.392657	1.000000	3.785602	1.000000	8.285220	1.000000	35.664415	1.000000
20.000000	14.00	0.956686	68.265118	1.000000	0.098798	1.000000	4.414497	1.000000	35.694551	1.000000
25.000000	14.00	0.956686	49.065052	1.000000	1.867301	1.000000	3.696200	1.000000	35.739547	1.000000
30.000000	14.00	0.956686	18.267297	1.000000	-0.992300	1.000000	2.327918	1.000000	35.686759	1.000000
35.000000	14.00	0.956686	4.313181	1.000000	-0.550211	1.000000	1.270850	1.000000	35.685767	1.000000
40.000000	14.00	0.956686	0.348261	1.000000	-0.006540	1.000000	0.398712	1.000000	35.785899	1.000000
45.000000	14.00	0.956686	0.348261	1.000000	-0.006540	1.000000	0.398712	1.000000	35.785899	1.000000
50.000000	14.00	0.956686	0.348261	1.000000	-0.006540	1.000000	0.398712	1.000000	35.785899	1.000000
55.000000	14.00	0.956686	0.049590	1.000000	0.008378	1.000000	0.184930	1.000000	35.820756	1.000000
60.000000	14.00	0.956686	0.049590	1.000000	0.008378	1.000000	0.184930	1.000000	35.820756	1.000000
