5.000000	6.50	0.004277	686.138292	1.000000	36.436526	1.000000	3.758386	1.000000	0.974373	1.000000
10.000000	6.50	0.004277	16.705632	1.000000	2.914625	1.000000	1.069389	1.000000	0.968737	1.000000
15.000000	6.50	0.004277	3.059497	1.000000	0.785132	1.000000	0.514696	1.000000	0.963128	1.000000
20.000000	6.50	0.004277	0.426466	1.000000	0.180609	1.000000	0.260830	1.000000	0.979088	1.000000
25.000000	6.50	0.004277	0.406896	1.000000	0.169102	1.000000	0.229261	1.000000	0.989892	1.000000
30.000000	6.50	0.004277	0.045852	1.000000	0.025916	1.000000	0.124533	1.000000	0.975537	1.000000
35.000000	6.50	0.004277	0.012369	1.000000	0.007071	1.000000	0.068761	1.000000	0.977118	1.000000
40.000000	6.50	0.004277	0.001572	1.000000	0.002028	1.000000	0.023337	1.000000	0.978997	1.000000
45.000000	6.50	0.004277	0.001572	1.000000	0.002028	1.000000	0.023337	1.000000	0.978997	1.000000
50.000000	6.50	0.004277	0.001572	1.000000	0.002028	1.000000	0.023337	1.000000	0.978997	1.000000
55.000000	6.50	0.004277	0.000162	1.000000	0.000544	1.000000	0.008908	1.000000	1.001696	1.000000
60.000000	6.50	0.004277	0.000162	1.000000	0.000544	1.000000	0.008908	1.000000	1.001696	1.000000
