5.000000	7.25	0.075336	17517.737128	1.000000	576.315216	1.000000	46.481863	1.000000	7.518543	1.000000
10.000000	7.25	0.075336	1459.215381	1.000000	77.766869	1.000000	17.144039	1.000000	7.527822	1.000000
15.000000	7.25	0.075336	369.333105	1.000000	23.566324	1.000000	8.999480	1.000000	7.491144	1.000000
20.000000	7.25	0.075336	94.856117	1.000000	5.812514	1.000000	4.774066	1.000000	7.538471	1.000000
25.000000	7.25	0.075336	78.705756	1.000000	6.321943	1.000000	4.122137	1.000000	7.593176	1.000000
30.000000	7.25	0.075336	17.347202	1.000000	0.675396	1.000000	2.455875	1.000000	7.531297	1.000000
35.000000	7.25	0.075336	4.865938	1.000000	-0.242963	1.000000	1.356952	1.000000	7.535233	1.000000
40.000000	7.25	0.075336	0.498913	1.000000	0.082850	1.000000	0.462888	1.000000	7.597919	1.000000
45.000000	7.25	0.075336	0.498913	1.000000	0.082850	1.000000	0.462888	1.000000	7.597919	1.000000
50.000000	7.25	0.075336	0.498913	1.000000	0.082850	1.000000	0.462888	1.000000	7.597919	1.000000
55.000000	7.25	0.075336	0.059406	1.000000	0.034348	1.000000	0.194733	1.000000	7.649722	1.000000
60.000000	7.25	0.075336	0.059406	1.000000	0.034348	1.000000	0.194733	1.000000	7.649722	1.000000
