5.000000	13.00	0.932145	6604.641329	1.000000	120.768541	1.000000	43.018424	1.000000	34.450676	1.000000
10.000000	13.00	0.932145	987.793312	1.000000	15.323954	1.000000	17.383944	1.000000	34.442342	1.000000
15.000000	13.00	0.932145	299.448853	1.000000	4.150627	1.000000	9.531555	1.000000	34.418907	1.000000
20.000000	13.00	0.932145	89.748204	1.000000	-0.042399	1.000000	5.072381	1.000000	34.450453	1.000000
25.000000	13.00	0.932145	63.944308	1.000000	2.166412	1.000000	4.237229	1.000000	34.501390	1.000000
30.000000	13.00	0.932145	24.405170	1.000000	-1.288236	1.000000	2.678776	1.000000	34.443851	1.000000
35.000000	13.00	0.932145	5.795821	1.000000	-0.706816	1.000000	1.465315	1.000000	34.443315	1.000000
40.000000	13.00	0.932145	0.463230	1.000000	-0.011999	1.000000	0.460566	1.000000	34.549705	1.000000
45.000000	13.00	0.932145	0.463230	1.000000	-0.011999	1.000000	0.460566	1.000000	34.549705	1.000000
50.000000	13.00	0.932145	0.463230	1.000000	-0.011999	1.000000	0.460566	1.000000	34.549705	1.000000
55.000000	13.00	0.932145	0.065680	1.000000	0.011295	1.000000	0.212521	1.000000	34.588077	1.000000
60.000000	13.00	0.932145	0.065680	1.000000	0.011295	1.000000	0.212521	1.000000	34.588077	1.000000
