5.000000	7.75	0.217412	33570.502527	1.000000	852.721231	1.000000	84.468914	1.000000	14.505215	1.000000
10.000000	7.75	0.217412	3994.787700	1.000000	123.456282	1.000000	33.108528	1.000000	14.515866	1.000000
15.000000	7.75	0.217412	1116.262153	1.000000	37.124173	1.000000	17.771820	1.000000	14.470732	1.000000
20.000000	7.75	0.217412	325.336787	1.000000	7.880906	1.000000	9.463527	1.000000	14.524472	1.000000
25.000000	7.75	0.217412	245.033542	1.000000	10.775000	1.000000	8.011161	1.000000	14.597076	1.000000
30.000000	7.75	0.217412	72.234248	1.000000	-0.332123	1.000000	4.924911	1.000000	14.518980	1.000000
35.000000	7.75	0.217412	20.189347	1.000000	-1.365397	1.000000	2.731000	1.000000	14.516483	1.000000
40.000000	7.75	0.217412	1.830132	1.000000	0.084743	1.000000	0.914449	1.000000	14.632238	1.000000
45.000000	7.75	0.217412	1.830132	1.000000	0.084743	1.000000	0.914449	1.000000	14.632238	1.000000
50.000000	7.75	0.217412	1.830132	1.000000	0.084743	1.000000	0.914449	1.000000	14.632238	1.000000
55.000000	7.75	0.217412	0.237958	1.000000	0.068548	1.000000	0.395872	1.000000	14.687423	1.000000
60.000000	7.75	0.217412	0.237958	1.000000	0.068548	1.000000	0.395872	1.000000	14.687423	1.000000
