5.000000	11.25	0.855281	11465.540588	1.000000	169.689308	1.000000	57.432062	1.000000	31.738352	1.000000
10.000000	11.25	0.855281	1733.514639	1.000000	20.784523	1.000000	23.232708	1.000000	31.731409	1.000000
15.000000	11.25	0.855281	526.581576	1.000000	5.461722	1.000000	12.754926	1.000000	31.702826	1.000000
20.000000	11.25	0.855281	159.032841	1.000000	-0.249515	1.000000	6.786794	1.000000	31.739322	1.000000
25.000000	11.25	0.855281	110.757491	1.000000	3.077905	1.000000	5.635726	1.000000	31.800717	1.000000
30.000000	11.25	0.855281	43.963558	1.000000	-2.092481	1.000000	3.589541	1.000000	31.732566	1.000000
35.000000	11.25	0.855281	10.658753	1.000000	-1.159683	1.000000	1.972633	1.000000	31.731430	1.000000
40.000000	11.25	0.855281	0.854186	1.000000	-0.022804	1.000000	0.627087	1.000000	31.853826	1.000000
45.000000	11.25	0.855281	0.854186	1.000000	-0.022804	1.000000	0.627087	1.000000	31.853826	1.000000
50.000000	11.25	0.855281	0.854186	1.000000	-0.022804	1.000000	0.627087	1.000000	31.853826	1.000000
55.000000	11.25	0.855281	0.116796	1.000000	0.019435	1.000000	0.282030	1.000000	31.896824	1.000000
60.000000	11.25	0.855281	0.116796	1.000000	0.019435	1.000000	0.282030	1.000000	31.896824	1.000000
