5.000000	8.75	0.531090	30017.650591	1.000000	508.155730	1.000000	93.034871	1.000000	23.813231	1.000000
10.000000	8.75	0.531090	4451.803374	1.000000	69.298356	1.000000	37.512214	1.000000	23.814122	1.000000
15.000000	8.75	0.531090	1336.114124	1.000000	19.418152	1.000000	20.481400	1.000000	23.773827	1.000000
20.000000	8.75	0.531090	406.097140	1.000000	1.916208	1.000000	10.885606	1.000000	23.819881	1.000000
25.000000	8.75	0.531090	284.105196	1.000000	7.438897	1.000000	9.077698	1.000000	23.898861	1.000000
30.000000	8.75	0.531090	106.507664	1.000000	-3.155581	1.000000	5.733570	1.000000	23.814506	1.000000
35.000000	8.75	0.531090	27.681399	1.000000	-2.249004	1.000000	3.174870	1.000000	23.810480	1.000000
40.000000	8.75	0.531090	2.306450	1.000000	-0.011909	1.000000	1.036895	1.000000	23.959273	1.000000
45.000000	8.75	0.531090	2.306450	1.000000	-0.011909	1.000000	1.036895	1.000000	23.959273	1.000000
50.000000	8.75	0.531090	2.306450	1.000000	-0.011909	1.000000	1.036895	1.000000	23.959273	1.000000
55.000000	8.75	0.531090	0.307012	1.000000	0.053706	1.000000	0.453367	1.000000	24.008108	1.000000
60.000000	8.75	0.531090	0.307012	1.000000	0.053706	1.000000	0.453367	1.000000	24.008108	1.000000
