5.000000	11.00	0.837958	12546.855633	1.000000	181.518129	1.000000	60.223636	1.000000	31.247666	1.000000
10.000000	11.00	0.837958	1901.500621	1.000000	22.376101	1.000000	24.364011	1.000000	31.240755	1.000000
15.000000	11.00	0.837958	577.501605	1.000000	5.830689	1.000000	13.373797	1.000000	31.211649	1.000000
20.000000	11.00	0.837958	174.816603	1.000000	-0.247074	1.000000	7.115931	1.000000	31.248760	1.000000
25.000000	11.00	0.837958	121.306513	1.000000	3.278036	1.000000	5.906819	1.000000	31.311653	1.000000
30.000000	11.00	0.837958	48.347832	1.000000	-2.242023	1.000000	3.764021	1.000000	31.242090	1.000000
35.000000	11.00	0.837958	11.769876	1.000000	-1.250917	1.000000	2.070598	1.000000	31.240811	1.000000
40.000000	11.00	0.837958	0.943544	1.000000	-0.022315	1.000000	0.658785	1.000000	31.366120	1.000000
45.000000	11.00	0.837958	0.943544	1.000000	-0.022315	1.000000	0.658785	1.000000	31.366120	1.000000
50.000000	11.00	0.837958	0.943544	1.000000	-0.022315	1.000000	0.658785	1.000000	31.366120	1.000000
55.000000	11.00	0.837958	0.129425	1.000000	0.021405	1.000000	0.296580	1.000000	31.410186	1.000000
60.000000	11.00	0.837958	0.129425	1.000000	0.021405	1.000000	0.296580	1.000000	31.410186	1.000000
