5.000000	8.00	0.305973	35773.192756	1.000000	804.433658	1.000000	93.685874	1.000000	17.624984	1.000000
10.000000	8.00	0.305973	4699.935175	1.000000	116.226189	1.000000	37.235061	1.000000	17.634163	1.000000
15.000000	8.00	0.305973	1355.156861	1.000000	34.500496	1.000000	20.122937	1.000000	17.589203	1.000000
20.000000	8.00	0.305973	404.701967	1.000000	6.499546	1.000000	10.710717	1.000000	17.640775	1.000000
25.000000	8.00	0.305973	294.565512	1.000000	10.533757	1.000000	9.006921	1.000000	17.717220	1.000000
30.000000	8.00	0.305973	95.704304	1.000000	-1.410657	1.000000	5.596795	1.000000	17.635159	1.000000
35.000000	8.00	0.305973	26.195768	1.000000	-1.854032	1.000000	3.104331	1.000000	17.631399	1.000000
40.000000	8.00	0.305973	2.290932	1.000000	0.055584	1.000000	1.029627	1.000000	17.764005	1.000000
45.000000	8.00	0.305973	2.290932	1.000000	0.055584	1.000000	1.029627	1.000000	17.764005	1.000000
50.000000	8.00	0.305973	2.290932	1.000000	0.055584	1.000000	1.029627	1.000000	17.764005	1.000000
55.000000	8.00	0.305973	0.300750	1.000000	0.069811	1.000000	0.446621	1.000000	17.817464	1.000000
60.000000	8.00	0.305973	0.300750	1.000000	0.069811	1.000000	0.446621	1.000000	17.817464	1.000000
