5.000000	13.25	0.939271	6152.638460	1.000000	116.431075	1.000000	41.475692	1.000000	34.777521	1.000000
10.000000	13.25	0.939271	919.955828	1.000000	14.921259	1.000000	16.758546	1.000000	34.769125	1.000000
15.000000	13.25	0.939271	278.846755	1.000000	4.056421	1.000000	9.187355	1.000000	34.746294	1.000000
20.000000	13.25	0.939271	83.534788	1.000000	-0.006517	1.000000	4.889521	1.000000	34.777868	1.000000
25.000000	13.25	0.939271	59.725542	1.000000	2.088660	1.000000	4.087786	1.000000	34.827050	1.000000
30.000000	13.25	0.939271	22.642406	1.000000	-1.204366	1.000000	2.582795	1.000000	34.770857	1.000000
35.000000	13.25	0.939271	5.360076	1.000000	-0.662071	1.000000	1.410935	1.000000	34.770020	1.000000
40.000000	13.25	0.939271	0.430410	1.000000	-0.010020	1.000000	0.443802	1.000000	34.874566	1.000000
45.000000	13.25	0.939271	0.430410	1.000000	-0.010020	1.000000	0.443802	1.000000	34.874566	1.000000
50.000000	13.25	0.939271	0.430410	1.000000	-0.010020	1.000000	0.443802	1.000000	34.874566	1.000000
55.000000	13.25	0.939271	0.060863	1.000000	0.010479	1.000000	0.204652	1.000000	34.912107	1.000000
60.000000	13.25	0.939271	0.060863	1.000000	0.010479	1.000000	0.204652	1.000000	34.912107	1.000000
