5.000000	13.75	0.951290	5380.937946	1.000000	108.519431	1.000000	38.718613	1.000000	35.395266	1.000000
10.000000	13.75	0.951290	803.621765	1.000000	14.181954	1.000000	15.642711	1.000000	35.387052	1.000000
15.000000	13.75	0.951290	243.322389	1.000000	3.867203	1.000000	8.574212	1.000000	35.365346	1.000000
20.000000	13.75	0.951290	73.017209	1.000000	0.072476	1.000000	4.566134	1.000000	35.396060	1.000000
25.000000	13.75	0.951290	52.339212	1.000000	1.942550	1.000000	3.820785	1.000000	35.442693	1.000000
30.000000	13.75	0.951290	19.560424	1.000000	-1.049813	1.000000	2.408454	1.000000	35.388630	1.000000
35.000000	13.75	0.951290	4.624223	1.000000	-0.583812	1.000000	1.314248	1.000000	35.387854	1.000000
40.000000	13.75	0.951290	0.374789	1.000000	-0.007653	1.000000	0.413739	1.000000	35.489290	1.000000
45.000000	13.75	0.951290	0.374789	1.000000	-0.007653	1.000000	0.413739	1.000000	35.489290	1.000000
50.000000	13.75	0.951290	0.374789	1.000000	-0.007653	1.000000	0.413739	1.000000	35.489290	1.000000
55.000000	13.75	0.951290	0.053198	1.000000	0.009308	1.000000	0.191464	1.000000	35.524894	1.000000
60.000000	13.75	0.951290	0.053198	1.000000	0.009308	1.000000	0.191464	1.000000	35.524894	1.000000
