5.000000	14.75	0.969239	4217.860395	1.000000	95.635665	1.000000	34.171263	1.000000	36.529565	1.000000
10.000000	14.75	0.969239	626.605325	1.000000	12.692209	1.000000	13.789711	1.000000	36.522019	1.000000
15.000000	14.75	0.969239	189.696787	1.000000	3.558633	1.000000	7.556142	1.000000	36.504286	1.000000
20.000000	14.75	0.969239	56.771246	1.000000	0.159253	1.000000	4.022627	1.000000	36.531622	1.000000
25.000000	14.75	0.969239	41.243556	1.000000	1.686051	1.000000	3.379479	1.000000	36.574081	1.000000
30.000000	14.75	0.969239	15.037486	1.000000	-0.817742	1.000000	2.121594	1.000000	36.524212	1.000000
35.000000	14.75	0.969239	3.564313	1.000000	-0.469871	1.000000	1.157736	1.000000	36.523333	1.000000
40.000000	14.75	0.969239	0.288865	1.000000	-0.005217	1.000000	0.363101	1.000000	36.619535	1.000000
45.000000	14.75	0.969239	0.288865	1.000000	-0.005217	1.000000	0.363101	1.000000	36.619535	1.000000
50.000000	14.75	0.969239	0.288865	1.000000	-0.005217	1.000000	0.363101	1.000000	36.619535	1.000000
55.000000	14.75	0.969239	0.041362	1.000000	0.006990	1.000000	0.169123	1.000000	36.652391	1.000000
60.000000	14.75	0.969239	0.041362	1.000000	0.006990	1.000000	0.169123	1.000000	36.652391	1.000000
