5.000000	12.25	0.904530	8299.195267	1.000000	136.397075	1.000000	48.505411	1.000000	33.372768	1.000000
10.000000	12.25	0.904530	1247.784736	1.000000	16.983452	1.000000	19.616808	1.000000	33.365197	1.000000
15.000000	12.25	0.904530	378.490203	1.000000	4.480191	1.000000	10.762345	1.000000	33.340585	1.000000
20.000000	12.25	0.904530	114.385444	1.000000	-0.128834	1.000000	5.732941	1.000000	33.373121	1.000000
25.000000	12.25	0.904530	80.581831	1.000000	2.506213	1.000000	4.774322	1.000000	33.427855	1.000000
30.000000	12.25	0.904530	31.271904	1.000000	-1.595990	1.000000	3.026367	1.000000	33.365991	1.000000
35.000000	12.25	0.904530	7.503516	1.000000	-0.877236	1.000000	1.660323	1.000000	33.366107	1.000000
40.000000	12.25	0.904530	0.599805	1.000000	-0.016225	1.000000	0.524686	1.000000	33.478607	1.000000
45.000000	12.25	0.904530	0.599805	1.000000	-0.016225	1.000000	0.524686	1.000000	33.478607	1.000000
50.000000	12.25	0.904530	0.599805	1.000000	-0.016225	1.000000	0.524686	1.000000	33.478607	1.000000
55.000000	12.25	0.904530	0.083490	1.000000	0.014642	1.000000	0.239028	1.000000	33.519493	1.000000
60.000000	12.25	0.904530	0.083490	1.000000	0.014642	1.000000	0.239028	1.000000	33.519493	1.000000
