5.000000	9.75	0.712983	20205.832133	1.000000	287.450728	1.000000	77.244180	1.000000	28.101613	1.000000
10.000000	9.75	0.712983	3076.130730	1.000000	36.528497	1.000000	31.236998	1.000000	28.096819	1.000000
15.000000	9.75	0.712983	935.175265	1.000000	9.634360	1.000000	17.137079	1.000000	28.061745	1.000000
20.000000	9.75	0.712983	284.077527	1.000000	-0.053835	1.000000	9.103491	1.000000	28.104369	1.000000
25.000000	9.75	0.712983	196.003685	1.000000	4.780055	1.000000	7.556068	1.000000	28.175202	1.000000
30.000000	9.75	0.712983	77.952366	1.000000	-3.089083	1.000000	4.809320	1.000000	28.096848	1.000000
35.000000	9.75	0.712983	19.372961	1.000000	-1.823997	1.000000	2.652433	1.000000	28.095066	1.000000
40.000000	9.75	0.712983	1.577722	1.000000	-0.026317	1.000000	0.854965	1.000000	28.235815	1.000000
45.000000	9.75	0.712983	1.577722	1.000000	-0.026317	1.000000	0.854965	1.000000	28.235815	1.000000
50.000000	9.75	0.712983	1.577722	1.000000	-0.026317	1.000000	0.854965	1.000000	28.235815	1.000000
55.000000	9.75	0.712983	0.211917	1.000000	0.035089	1.000000	0.378034	1.000000	28.282043	1.000000
60.000000	9.75	0.712983	0.211917	1.000000	0.035089	1.000000	0.378034	1.000000	28.282043	1.000000
