5.000000	14.25	0.961573	4730.280130	1.000000	101.618113	1.000000	36.248410	1.000000	35.983299	1.000000
10.000000	14.25	0.961573	704.916041	1.000000	13.453513	1.000000	14.635089	1.000000	35.975494	1.000000
15.000000	14.25	0.961573	213.501175	1.000000	3.716627	1.000000	8.022253	1.000000	35.956158	1.000000
20.000000	14.25	0.961573	63.950467	1.000000	0.128445	1.000000	4.271657	1.000000	35.985015	1.000000
25.000000	14.25	0.961573	46.087045	1.000000	1.800833	1.000000	3.580790	1.000000	36.029260	1.000000
30.000000	14.25	0.961573	17.077724	1.000000	-0.929533	1.000000	2.253878	1.000000	35.977304	1.000000
35.000000	14.25	0.961573	4.036074	1.000000	-0.521120	1.000000	1.229972	1.000000	35.976592	1.000000
40.000000	14.25	0.961573	0.326523	1.000000	-0.005900	1.000000	0.386229	1.000000	36.074709	1.000000
45.000000	14.25	0.961573	0.326523	1.000000	-0.005900	1.000000	0.386229	1.000000	36.074709	1.000000
50.000000	14.25	0.961573	0.326523	1.000000	-0.005900	1.000000	0.386229	1.000000	36.074709	1.000000
55.000000	14.25	0.961573	0.046490	1.000000	0.007890	1.000000	0.179214	1.000000	36.109333	1.000000
60.000000	14.25	0.961573	0.046490	1.000000	0.007890	1.000000	0.179214	1.000000	36.109333	1.000000
