5.000000	12.50	0.914738	7673.679310	1.000000	130.478638	1.000000	46.544686	1.000000	33.748242	1.000000
10.000000	12.50	0.914738	1152.392654	1.000000	16.321581	1.000000	18.821959	1.000000	33.740310	1.000000
15.000000	12.50	0.914738	349.379181	1.000000	4.367903	1.000000	10.322424	1.000000	33.716633	1.000000
20.000000	12.50	0.914738	105.260017	1.000000	-0.089861	1.000000	5.494386	1.000000	33.747976	1.000000
25.000000	12.50	0.914738	74.440002	1.000000	2.392361	1.000000	4.583073	1.000000	33.802063	1.000000
30.000000	12.50	0.914738	28.722859	1.000000	-1.481953	1.000000	2.901588	1.000000	33.741493	1.000000
35.000000	12.50	0.914738	6.866171	1.000000	-0.813030	1.000000	1.589675	1.000000	33.741512	1.000000
40.000000	12.50	0.914738	0.549943	1.000000	-0.014380	1.000000	0.502070	1.000000	33.851854	1.000000
45.000000	12.50	0.914738	0.549943	1.000000	-0.014380	1.000000	0.502070	1.000000	33.851854	1.000000
50.000000	12.50	0.914738	0.549943	1.000000	-0.014380	1.000000	0.502070	1.000000	33.851854	1.000000
55.000000	12.50	0.914738	0.076953	1.000000	0.013679	1.000000	0.229744	1.000000	33.892053	1.000000
60.000000	12.50	0.914738	0.076953	1.000000	0.013679	1.000000	0.229744	1.000000	33.892053	1.000000
