5.000000	7.50	0.137499	27146.791484	1.000000	782.456126	1.000000	68.008909	1.000000	11.023925	1.000000
10.000000	7.50	0.137499	2783.948992	1.000000	111.177211	1.000000	26.048924	1.000000	11.034667	1.000000
15.000000	7.50	0.137499	746.788138	1.000000	33.730776	1.000000	13.850956	1.000000	10.991470	1.000000
20.000000	7.50	0.137499	207.733878	1.000000	7.822225	1.000000	7.369980	1.000000	11.044460	1.000000
25.000000	7.50	0.137499	162.763493	1.000000	9.309854	1.000000	6.288211	1.000000	11.110018	1.000000
30.000000	7.50	0.137499	42.400498	1.000000	0.455700	1.000000	3.814868	1.000000	11.037608	1.000000
35.000000	7.50	0.137499	11.996122	1.000000	-0.751653	1.000000	2.114890	1.000000	11.039268	1.000000
40.000000	7.50	0.137499	1.145400	1.000000	0.096718	1.000000	0.716448	1.000000	11.129829	1.000000
45.000000	7.50	0.137499	1.145400	1.000000	0.096718	1.000000	0.716448	1.000000	11.129829	1.000000
50.000000	7.50	0.137499	1.145400	1.000000	0.096718	1.000000	0.716448	1.000000	11.129829	1.000000
55.000000	7.50	0.137499	0.143914	1.000000	0.056254	1.000000	0.306298	1.000000	11.185567	1.000000
60.000000	7.50	0.137499	0.143914	1.000000	0.056254	1.000000	0.306298	1.000000	11.185567	1.000000
