5.000000	7.00	0.033998	8126.872665	1.000000	309.808212	1.000000	25.063715	1.000000	4.387429	1.000000
10.000000	7.00	0.033998	503.344385	1.000000	37.798626	1.000000	8.727130	1.000000	4.393107	1.000000
15.000000	7.00	0.033998	116.690378	1.000000	11.203782	1.000000	4.491585	1.000000	4.366921	1.000000
20.000000	7.00	0.033998	26.019161	1.000000	2.815184	1.000000	2.360354	1.000000	4.405255	1.000000
25.000000	7.00	0.033998	23.150266	1.000000	2.901735	1.000000	2.069816	1.000000	4.443717	1.000000
30.000000	7.00	0.033998	4.128651	1.000000	0.406037	1.000000	1.201982	1.000000	4.396926	1.000000
35.000000	7.00	0.033998	1.148852	1.000000	-0.008704	1.000000	0.666525	1.000000	4.402239	1.000000
40.000000	7.00	0.033998	0.129351	1.000000	0.043248	1.000000	0.228547	1.000000	4.435806	1.000000
45.000000	7.00	0.033998	0.129351	1.000000	0.043248	1.000000	0.228547	1.000000	4.435806	1.000000
50.000000	7.00	0.033998	0.129351	1.000000	0.043248	1.000000	0.228547	1.000000	4.435806	1.000000
55.000000	7.00	0.033998	0.014264	1.000000	0.013534	1.000000	0.093063	1.000000	4.479268	1.000000
60.000000	7.00	0.033998	0.014264	1.000000	0.013534	1.000000	0.093063	1.000000	4.479268	1.000000
