5.000000	13.50	0.945500	5749.257464	1.000000	112.219159	1.000000	40.059541	1.000000	35.090082	1.000000
10.000000	13.50	0.945500	858.875884	1.000000	14.535888	1.000000	16.183449	1.000000	35.081720	1.000000
15.000000	13.50	0.945500	260.458412	1.000000	3.960963	1.000000	8.871250	1.000000	35.059294	1.000000
20.000000	13.50	0.945500	78.093404	1.000000	0.026887	1.000000	4.724073	1.000000	35.090412	1.000000
25.000000	13.50	0.945500	55.830505	1.000000	2.009041	1.000000	3.949421	1.000000	35.138247	1.000000
30.000000	13.50	0.945500	21.048871	1.000000	-1.128715	1.000000	2.494139	1.000000	35.083303	1.000000
35.000000	13.50	0.945500	4.972832	1.000000	-0.620958	1.000000	1.360946	1.000000	35.082369	1.000000
40.000000	13.50	0.945500	0.401136	1.000000	-0.009348	1.000000	0.428353	1.000000	35.185227	1.000000
45.000000	13.50	0.945500	0.401136	1.000000	-0.009348	1.000000	0.428353	1.000000	35.185227	1.000000
50.000000	13.50	0.945500	0.401136	1.000000	-0.009348	1.000000	0.428353	1.000000	35.185227	1.000000
55.000000	13.50	0.945500	0.056830	1.000000	0.009869	1.000000	0.197833	1.000000	35.221702	1.000000
60.000000	13.50	0.945500	0.056830	1.000000	0.009869	1.000000	0.197833	1.000000	35.221702	1.000000
