5.000000	10.50	0.796211	15116.002133	1.000000	211.971321	1.000000	66.457413	1.000000	30.140776	1.000000
10.000000	10.50	0.796211	2302.227297	1.000000	26.392559	1.000000	26.889971	1.000000	30.133995	1.000000
15.000000	10.50	0.796211	699.687235	1.000000	6.826147	1.000000	14.761859	1.000000	30.103035	1.000000
20.000000	10.50	0.796211	212.309547	1.000000	-0.287083	1.000000	7.845921	1.000000	30.141946	1.000000
25.000000	10.50	0.796211	146.624614	1.000000	3.765657	1.000000	6.513843	1.000000	30.207965	1.000000
30.000000	10.50	0.796211	58.640626	1.000000	-2.584632	1.000000	4.150379	1.000000	30.135325	1.000000
35.000000	10.50	0.796211	14.392161	1.000000	-1.461721	1.000000	2.286867	1.000000	30.134236	1.000000
40.000000	10.50	0.796211	1.159384	1.000000	-0.025450	1.000000	0.731337	1.000000	30.265138	1.000000
45.000000	10.50	0.796211	1.159384	1.000000	-0.025450	1.000000	0.731337	1.000000	30.265138	1.000000
50.000000	10.50	0.796211	1.159384	1.000000	-0.025450	1.000000	0.731337	1.000000	30.265138	1.000000
55.000000	10.50	0.796211	0.157285	1.000000	0.025798	1.000000	0.326456	1.000000	30.310537	1.000000
60.000000	10.50	0.796211	0.157285	1.000000	0.025798	1.000000	0.326456	1.000000	30.310537	1.000000
