5.000000	10.00	0.744322	18326.707136	1.000000	257.190855	1.000000	73.457625	1.000000	28.850586	1.000000
10.000000	10.00	0.744322	2790.304777	1.000000	32.368954	1.000000	29.707003	1.000000	28.844820	1.000000
15.000000	10.00	0.744322	848.504819	1.000000	8.474681	1.000000	16.304980	1.000000	28.811567	1.000000
20.000000	10.00	0.744322	258.056654	1.000000	-0.165422	1.000000	8.662574	1.000000	28.852431	1.000000
25.000000	10.00	0.744322	177.880642	1.000000	4.365115	1.000000	7.189476	1.000000	28.921795	1.000000
30.000000	10.00	0.744322	71.159058	1.000000	-2.945767	1.000000	4.579602	1.000000	28.845302	1.000000
35.000000	10.00	0.744322	17.540198	1.000000	-1.696093	1.000000	2.524158	1.000000	28.844021	1.000000
40.000000	10.00	0.744322	1.427756	1.000000	-0.026966	1.000000	0.811652	1.000000	28.981347	1.000000
45.000000	10.00	0.744322	1.427756	1.000000	-0.026966	1.000000	0.811652	1.000000	28.981347	1.000000
50.000000	10.00	0.744322	1.427756	1.000000	-0.026966	1.000000	0.811652	1.000000	28.981347	1.000000
55.000000	10.00	0.744322	0.191348	1.000000	0.031711	1.000000	0.359539	1.000000	29.027542	1.000000
60.000000	10.00	0.744322	0.191348	1.000000	0.031711	1.000000	0.359539	1.000000	29.027542	1.000000
