5.000000	10.75	0.818269	13763.827751	1.000000	195.500453	1.000000	63.242070	1.000000	30.714872	1.000000
10.000000	10.75	0.818269	2091.174518	1.000000	24.216238	1.000000	25.588469	1.000000	30.708218	1.000000
15.000000	10.75	0.818269	634.976313	1.000000	6.273581	1.000000	14.044121	1.000000	30.677731	1.000000
20.000000	10.75	0.818269	192.592277	1.000000	-0.269731	1.000000	7.469851	1.000000	30.715776	1.000000
25.000000	10.75	0.818269	133.305652	1.000000	3.509050	1.000000	6.200481	1.000000	30.780222	1.000000
30.000000	10.75	0.818269	53.208976	1.000000	-2.406572	1.000000	3.949694	1.000000	30.709041	1.000000
35.000000	10.75	0.818269	12.991801	1.000000	-1.350056	1.000000	2.175252	1.000000	30.708120	1.000000
40.000000	10.75	0.818269	1.045389	1.000000	-0.023403	1.000000	0.694191	1.000000	30.836144	1.000000
45.000000	10.75	0.818269	1.045389	1.000000	-0.023403	1.000000	0.694191	1.000000	30.836144	1.000000
50.000000	10.75	0.818269	1.045389	1.000000	-0.023403	1.000000	0.694191	1.000000	30.836144	1.000000
55.000000	10.75	0.818269	0.142532	1.000000	0.023431	1.000000	0.310907	1.000000	30.881185	1.000000
60.000000	10.75	0.818269	0.142532	1.000000	0.023431	1.000000	0.310907	1.000000	30.881185	1.000000
